333000 0.00465047 40.0 40.0 0 0
44.81470627782782 0.00021366803391886983 3.640429243553971 33.087215682400846 0.018903330110556938 0.013252649567737425
51.09438339833442 0.00020817675377925336 46.38875201478477 10.810819296261558 0.030193398196986816 0.04722878103870649
77.16349626179752 0.0002634824456239107 25.926954449432653 41.7720837665584 0.043884889195278595 0.03455558724814551
81.05500999314118 0.00018699366875312118 25.0682962104053 28.11411523856706 0.029675471447812275 0.03959502183954894
98.02285102226222 0.0002198588733374559 62.76211197324929 23.068845780197343 0.048113130999711 0.04878694089236807
97.22977846936732 0.00022981536601469899 64.28705885444879 9.581609451304276 0.02778763401023996 0.020571737425706345
40.692174039219815 0.00019414734145017058 35.2736170550449 75.2498670882805 0.028077606381569028 0.024677559172368465
13.459996288095882 0.00011719472966972677 76.04663558479542 42.822188249408235 0.0443672842229999 0.011587680790911686
24.867211014755213 0.00016782538448704965 45.51406812013502 35.28674479326121 0.020827478939550698 0.04853361652312258
87.87695578446707 0.00020783974640385612 18.67913478579215 32.22428389186069 0.0025366581586911408 0.039764948975389874
142.59434730865752 0.00022947099471234988 8.71901631949422 78.08401391208582 0.04714519539660495 0.04472723287531036
189.70446415361533 0.00041886635712053215 9.852160140525621 46.10006770377822 0.01800702392293504 0.003467295126916631
29.507873113547497 0.00019523531173247602 24.893123076327903 48.19356328143324 0.01476765411730966 0.03437055132463714
141.50286201344562 0.00023400146312053979 50.04851358280384 57.49275216546587 0.01700760872007534 0.02011550410456202
105.09910478252255 0.00021381858336670702 15.655506543304636 18.656551037565904 0.030275481894605896 0.012021887643392737
54.57198120752336 0.00017563692670312858 25.756510636634733 47.34183516797519 0.011138688185563085 0.018509961828864423
157.54759827126142 0.00038040809276750385 17.19990609029253 50.003221475928086 0.046542160138917404 0.01354078940468395
161.9366443066565 0.0002380547520308788 51.56411795443569 73.06022871467094 0.016449522766942178 0.00877093961217304
89.06194877923834 0.00023143907209092956 57.61313765261053 72.5021298603008 0.04519231268177705 0.04799322345241708
65.31659136739974 0.00018242078145269122 12.295975315450303 61.59470465415456 0.02799948998686133 0.03997959631152043
96.62278250596266 0.00020830041408799235 75.47170760873585 5.065812391624975 0.030347956484555606 0.02323781846740862
34.6076236543232 0.000148256025648618 17.62876503630533 72.69901012155384 0.013597396417109215 0.03326250659099148
100.70796676187524 0.00024036198676027107 50.192512393300575 16.055961370222516 0.03616532160176445 0.027150038556312175
167.93595740794188 0.00030615996095744336 4.569838882883914 11.968894731208195 0.018168426193287075 0.01007844476693331
66.70927570188208 0.00018049930805578613 1.113164362486323 67.23268874892663 0.013558695761399548 0.04112319959387091
179.27196027706196 0.0002480295604447276 4.774368520449084 31.775304957149253 0.021975000096402186 0.04052219012142137
10.570735839088115 0.00011661283323036006 73.81704727593474 21.299160542364632 0.0430316669441754 0.01708653371674888
40.79305779588396 0.00019831381532916213 3.4929913242538646 17.930024109514715 0.011169147446521855 0.02356719958736142
130.016362071611 0.00023506131674407891 61.749144703087715 0.6434818980015589 0.012283139896179525 0.04473961582113296
67.79162607869766 0.00017539840689532305 6.596607733403488 8.463917837852142 0.030776095665096176 0.03914588755298846
159.06545556094903 0.0004286759901904819 71.1967855123002 14.589885058631928 0.040204090069564935 0.04996737150321554
73.96482961161965 0.0002469766304783032 10.054560580440972 39.15260212508286 0.007755613257327604 0.026153818245786876
65.09379491469683 0.0002701025033812867 58.83804410412203 69.18014231093787 0.004386439820021993 0.04006395090471809
184.81347980567125 0.00025237276685486347 45.88836216310223 18.23791828060976 0.04148834804010382 0.047096747429151306
116.66130989588362 0.0002841955533817368 34.45683172094239 74.47034757485397 0.018720878798832052 0.016716050738817996
40.943974018613936 0.00018851566746355875 78.53284507989275 69.57210397454396 0.04101964721725586 0.009271416102936303
52.03653447566658 0.00019703923703801764 3.9201342278484663 19.399067437137198 0.0441005195714102 0.029950626152192822
31.91694167646276 0.0001549009254609491 28.145960844701143 32.4839966773611 0.025962562082031255 0.04816390865850151
112.91466154040761 0.00024157270135709145 56.786526340192125 12.509200311886586 0.03092809597165408 0.011086644445235834
100.49576983694911 0.00023463211072020847 41.823953867417046 55.89996838623492 0.04667461229627713 0.029366756708607646
174.0210684823973 0.0002471157021828648 22.75677402720021 50.69964344143263 0.02669694877495718 0.018285641668494574
83.8188052244761 0.00024033452490588667 7.660958978834751 8.840844111818722 0.041826645876309465 0.039160831582167016
142.63642136230376 0.00032033706911844173 0.33341076763664823 11.782405019915743 0.03325733345598173 0.03195810358560156
13.726382394986762 0.00015857566107465605 28.853978023555477 10.019722483986921 0.012241299255002964 0.027683203904558362
25.724266649345815 0.0001430139136165806 53.422127532721646 69.89718701300026 0.04710280831859878 0.007826364281739384
29.992895673448423 0.00015483692732249323 0.15002526216641776 72.56360760665288 0.04054547046033207 0.0345932057868693
61.52626765050137 0.00021862720718739202 10.411276913512602 35.331970480498036 0.013464450226228742 0.046091683890457945
125.54946547936176 0.0002933619370291585 31.163903761489678 67.76061269260306 0.007961808284718657 0.013090623123462465
10.804797366705785 0.00016381310974293155 39.55189435840146 26.139504194766907 0.03129309886238863 0.03240369436440523
72.06200054803953 0.0001914387010756243 40.79988477344254 70.73042677423334 0.02363518194878518 0.005565230334418164
37.565784229856526 0.00023494137197675513 2.62137210712873 11.270257374537458 0.025119385004897455 0.04905983977442005
6.994740040843069 8.982169129457735e-05 5.53410168706999 61.72934823103758 0.027803108910313415 0.03814115857652481
98.54312653446921 0.00028667339458872924 32.55969276171571 67.44193109726969 0.0021682196094315767 0.0179365971755052
146.1230399597849 0.0002663592537698556 6.1948521538436285 22.059283779155912 0.048346194316561876 0.025369092989766015
55.54766470472412 0.00018673217953896863 71.0028322581835 58.59482948756815 0.043623039581733476 0.014517121594461797
81.85662825239005 0.00018770642602962688 4.8382733044898085 68.2923431874109 0.031822625235389805 0.048052426520553165
142.9578559171009 0.00029975564488709204 33.5059094104183 44.06305267761044 0.04073483478800535 0.016105295898061974
70.2863451027187 0.00024858597630334715 28.28493185613441 30.156806128847204 0.031159473473433126 0.026399176288622705
109.82215888131306 0.00040240261263524744 71.75499795076533 23.29976990205637 0.019953588308216936 0.039306246606590406
2.751339769239249 7.900995641338225e-05 50.58210893987337 40.313858878475344 0.029556483572495768 0.04150787694850361
150.74397504337665 0.0002481129680383565 45.055038634234336 10.692372089593372 0.03546491716932833 0.0073284913976493175
95.5518975088733 0.00020541939257078467 67.60925866203803 68.52037822072472 0.03853295482043989 0.03670480154672994
90.39296116290232 0.0002084791687021276 19.69555779969533 45.785220886928066 0.025821331099632663 0.009976356530454656
143.69364751800566 0.00026981584174477096 49.42923283082968 64.2929399712571 0.03829523005006722 0.003206566095089275
192.78551566588618 0.00025787886214504206 56.71650538329318 9.684241512239407 0.046393189818440754 0.0150189385946928
150.0002161881072 0.0002314040674657357 8.877577961190868 39.64025763268778 0.022984127992109162 0.025268669432079116
45.10648960544557 0.00018418659413451752 72.07703936768584 70.51592021069588 0.04514433047956454 0.021372499561356624
32.656719326366755 0.00021214322379684253 41.20189566906343 5.845845322284848 0.0005097546214975823 0.04789601220024077
43.48453659897531 0.00017255867701679618 55.82638530773403 62.51570970510208 0.03357108992458501 0.021860955274282914
39.507840590219246 0.00016590133596173828 68.50415339242095 11.301859458328547 0.004479272676939422 0.03987098698658601
140.20935309274762 0.00025525883794100886 10.129573997243417 35.38500638142761 0.022842736206549974 0.01396286436467279
113.12068718307965 0.0003033963428599555 62.364988903648694 26.304050659933196 0.04672241766182549 0.015200986393969319
35.032993650085594 0.00023265792540971085 38.05706123248733 31.14489955874479 0.0013838771942526085 0.034259794097150784
65.91635324548099 0.0002621080566285899 2.313490762118997 54.94537109807151 0.04190889787079023 0.04182392045298403
2.81086771099695 6.967586846265529e-05 22.180296980134084 17.539998304719873 0.02466823048013583 0.04486875651554034
96.37771843034227 0.00022135655870620215 18.985148226330224 75.93605959483739 0.006387400429118295 0.02859632963913221
138.79602836935726 0.0002523791874746345 4.019699772177088 8.44005606442245 0.021695273572604104 0.005988719932581566
106.64791309345266 0.0002305136200133128 60.80653456585942 27.472659395882424 0.03126550425845009 0.010325501933808124
114.7685087695132 0.00021972977006113012 52.080434193858395 12.597383234463102 0.004675996038987712 0.03219130064014793
139.71644050748728 0.00024064064267110744 18.67741501005068 30.69530659123272 0.022357471756207677 0.014824267270073806
59.21266290768433 0.00026575487293749604 46.46980463709157 79.9828078855061 0.03833962927530976 0.00813146667858206
128.96097490997454 0.0002332151494922196 54.01251536221423 68.82416874302615 0.04163664966908631 0.008341515139219286
39.22635343112663 0.00014619658434008665 11.333695066007357 51.15493340916026 0.04510104425037076 0.005219555709650436
25.0887569036 0.00024225730623139425 33.58015132621923 4.961843427870987 0.012189337875812334 0.011387467213732867
168.01147255818978 0.00025324292900661744 24.79068062376868 55.81308641079687 0.02289018775708959 0.022452361250100684
141.10068554530417 0.0003870575265034164 31.69019838192269 51.65453657871954 0.007309113664098816 0.007499535875285485
161.79319318088062 0.00031279118123671247 47.20369238291076 68.05527033078506 0.040516890285298826 0.009111830144399381
3.524182963876971 0.00011666635588682746 10.671776659548904 51.67419790277254 0.0338510112755827 0.002701188766948759
63.4488073163078 0.00018617435424565326 75.71892131635079 0.8559550610193156 0.024238744275385693 0.006323534795873765
175.8980200496063 0.00033321197983724523 22.188412662935235 46.686753475733525 0.03634432112375465 0.004933994155303406
172.5079511186872 0.0002598573081816753 53.80716498195355 29.126121291196007 0.03473529870363074 0.029340966639792267
41.325646332892234 0.00018145595495377235 34.15108607356332 19.504619192569173 0.025526813968131914 0.019789238067551992
176.54723261640052 0.00037584702144928387 68.63090176272605 74.50478337344416 0.006176725451108839 0.009126031997658586
14.251068383704519 0.00011413835260420229 36.477074803197084 34.200124602644294 0.03824661336968358 0.036792398212978354
148.07535655958225 0.00024054392753471968 66.74549048759368 9.41790301388128 0.04527656393408323 0.029719333154691455
141.89043026751025 0.0003498185744004402 54.36892466395985 69.10671551270072 0.047286485637942195 0.04833909512674548
37.844799633421125 0.00014681454194133737 43.69363339975309 38.79189497934691 0.0310731357637559 0.021164929400462558
196.33843312538048 0.0003545196945753187 56.69576482348366 14.683610287408149 0.016647738949372267 0.0038904033576024066
68.6320745795104 0.0001891095491453548 71.75117873670439 52.43303038620744 0.03928513945478415 0.00774933647149243
