149597870700.0 5.9722e+24 86400.0
333000 0.00465047 40.0 40.0 0 0
37.97931843711281 0.00016278516066836577 43.95724902175491 19.36308724860206 0.04216629898369067 0.035585560836314416
171.73166200987282 0.0002621740911161494 58.82877388012314 17.347355637122526 0.033978080264421305 0.01771067962234319
163.190577973829 0.00030065532186455816 3.0822720177244456 73.09880213321367 0.00206196443993622 0.048608169716817556
48.6389127947467 0.0003035375172159282 53.78836139317481 47.1931711192527 0.0286474489289082 0.04848996632934042
71.50902122550274 0.00021426007431261354 57.53279020252385 11.348553811344733 0.027740961175262608 0.030373452388773356
128.72561466122724 0.00021868957143396535 50.94585405256002 56.4939642175206 0.024402387814441814 0.027530610390850266
85.99058797055696 0.00019618776002898358 7.6715009616251795 33.5391818669164 0.020596576641787684 0.006888827202584463
123.82835330605565 0.00040161323136552157 73.66514938347969 7.33166553687794 0.029944083780445427 0.03796202181296729
96.71228647172875 0.0002281262325504042 18.78810372753806 79.9209509912933 0.002237305544018575 0.02286957283811475
