22.293800854206825 0 1741.860047604704 9864.875348025551 4.36132703290609 2.384063993415932
55.09904782540244 0 1331.1041288416347 5589.769937349351 3.973762762365264 1.504782952483958
55.404703526681786 0 4749.533357925011 4881.187544724061 3.161954882175522 3.7292486291736093
95.55241765605341 0 4629.615460660746 8443.767353765477 0.5675414008954344 2.805797651111174
11.595474609647134 0 2233.8620675635902 6053.107235800418 2.1703100830918527 0.8118637791094863
28.250183557554003 0 7238.274716215488 9281.567007731144 1.7503244436675698 4.68947319932111
42.000324234027424 0 214.5873716023494 463.7267235576692 0.3262016610388291 3.2924487248594025
28.99110723049001 0 7327.053077931619 9708.446382532578 0.08631404502548568 4.685384742950854
8.131629543589984 0 6738.76317505917 7815.967827271276 2.9219711018327486 1.3604176647302975
98.80102725059015 0 5704.632453877383 6848.155308076276 4.133124797724313 0.12275194288303704
78.2196012239283 0 1576.639276901446 2332.005790588643 2.412278990703165 3.073669764201939
28.736191011658455 0 6957.7374138459845 1653.6124234796046 3.200503827909143 0.3341888739478349
27.703563925468682 0 6162.512050407828 3522.198815808546 2.00858795700414 3.6017153007703833
80.47111624101028 0 7044.182511216835 8708.509167171718 3.0487284339477183 3.980056200393723
115.63145129437447 0 7769.024998533504 6675.675580604947 4.400745400494728 4.628387780254726
20.84127369484536 0 9299.131291209029 4396.871615153553 4.389856460686022 1.5474299621979553
26.172278820259773 0 9241.04188938786 8367.164473836616 3.9415668016735683 4.712811477441541
59.8746959351344 0 4531.628334258746 6772.549812121585 3.2719788837198998 1.5737527332054135
19.973223565905954 0 8112.735867006563 503.84057577943065 1.4243055137052363 0.35548923560728807
7.829959083833625 0 3634.8392467472045 708.6320937382784 2.0575350967395956 2.727829746701738
70.10298391043793 0 8079.156163187235 4564.023847294598 0.9611079345151269 0.14122421240381322
86.97167457665698 0 5407.102137917274 1690.9393969683351 0.9834789277277478 1.352140149526591
59.1266716334679 0 3648.3837464906387 8606.915647241713 4.89995375497636 3.322738610159833
37.0987783987652 0 9354.607843356385 8311.47084942877 2.2463790230783953 1.2503907748642389
88.54282797027963 0 3547.4668721939597 5150.768515657901 3.353256321472779 4.940705475123937
34.432013274094565 0 3673.441974382401 6747.55049948511 3.166411517262259 2.503201255512157
57.64504658315349 0 4500.661183025622 5287.4782074629165 4.043362049767482 4.886233268946732
11.845200224612869 0 5097.573250781835 2428.8963439809063 1.175059704444343 0.3038016556839662
7.999754705826919 0 7843.910290179814 1062.6410289674193 1.5551282719519965 3.1023416393037384
99.53917304139937 0 5916.989305049616 9300.396509137618 3.9939434599700174 4.518655245353822
109.64890090654339 0 4702.787710037849 7860.062180072772 3.6450500001552433 4.846689467094877
102.8219127063755 0 2387.3927413432307 8890.852114211719 0.13772203965433938 2.618431300015142
76.97948466482538 0 6808.559992254427 7009.2040735848 1.6322645389292316 2.7668827976383312
79.88615544148627 0 6552.4425315924755 4799.29308827565 4.9965597396085135 4.117016898937449
16.24314529987558 0 3244.2893492943767 7610.935565299752 2.3875858473677876 1.4369647729497688
104.10951146137833 0 3896.702494106535 149.42216565630218 3.5153868758950626 3.398295035757708
80.84932451935967 0 468.1249025807754 7916.110726622377 1.3355531044841502 1.9854178568476122
93.27698978021502 0 244.19538205652347 310.2823449691983 4.089489797254905 1.8253034791330525
7.899456647469939 0 9284.404458853463 5266.440496019882 2.625212823456761 1.9607026659154159
95.54596033625586 0 2413.651497324685 5107.870807961307 3.8406165149769693 3.720238679303179
86.27949571017336 0 7429.356183940785 242.80756152211814 0.9081904882405062 0.39106081933958314
61.44747213289096 0 2757.79453112734 1092.5526671391594 0.8430515213175493 2.4441252503797557
41.80063533519921 0 5338.410697161554 2641.5606930545355 4.669192396746596 4.037464407372292
49.32902156119501 0 5213.930542325937 8145.431197610964 3.9302136401932604 1.0470862817972781
86.33079049346551 0 9396.307642546264 3156.124642198621 1.724881237009091 2.4999115222633463
20.47985613808059 0 2174.71864909524 8362.156856678996 3.6344274368111993 0.4515742705587905
65.11190066899792 0 3300.789174440952 3034.9761131016085 3.7658675644311757 3.507783766732115
102.50194316989979 0 6287.115826815454 1985.9109337993875 2.5919610937044784 1.7365040659184854
81.80802771601586 0 5335.875088798091 7831.839947756556 3.1722668241671133 2.247877673257161
20.05104563332978 0 2139.0669049397948 5175.410869172141 1.6807711515097083 3.0618735972641486
117.27655756067635 0 9795.345201938157 6395.102779670976 4.647163059288301 3.4946728773301294
106.04972906202438 0 2118.3181479532086 9675.129462468003 3.3581678961940806 0.6431513610742862
0.9002833765147381 0 8312.84010816985 1625.5756242284324 3.69667746466142 4.500668571089453
7.977631493704083 0 1166.4313821542194 8584.743238943132 1.751766797709839 1.439444611915515
89.24623928483254 0 5538.161641054526 7171.8926104883885 1.878432533494948 4.567331524909085
64.111991124783 0 3369.311690844359 5377.85745860328 3.07162946010817 4.988343667498979
82.68486582894079 0 2393.712701592463 165.23398361510178 1.6638971369915323 2.303268797278681
83.61926814489773 0 6872.65293141568 6726.643475351869 3.3722650891431254 2.2923750427531004
34.48287294818824 0 3685.0736926585414 2502.2495516222566 3.4668028714638983 4.898570839265797
92.62137600731789 0 3795.953138499866 3913.7745866349137 4.786067254686237 4.1944796804703675
34.8272413323671 0 6910.733752275456 7259.772745733696 1.9890664204793784 4.21084261568595
23.32076752131972 0 466.4065735443812 8420.567656763342 0.16090140943221587 0.4830434388251337
90.85420986482059 0 12.68661712926722 7890.1618602505705 3.0827042642015656 4.650756399534342
115.63479619022775 0 1981.2860409423272 7524.243643375159 0.503527697712553 2.011100608640791
44.75296545910023 0 1247.4654316872347 2679.8669898946805 2.796575883018365 4.451672189396872
63.80524773265696 0 1505.2447799746094 6423.3346806698155 2.4911406195932546 2.2566121304641964
95.2816127872289 0 8272.669065479973 3346.9078204670855 1.8763383414726997 0.274571560669154
83.20988301766327 0 2053.85456287691 4543.752008848958 4.97489705233274 3.52108202664011
17.18873186035425 0 9550.270739863132 1071.6129829360332 1.7849038840861646 1.412717011800881
55.18992632924955 0 8515.179772947113 6012.652414294603 0.30885504605051406 2.9940627038642247
32.20211982323202 0 6557.22115798104 8370.753864164435 4.781835956931026 4.072268528936538
31.358582705016882 0 6326.432221329807 7812.532939214936 0.256306990284364 0.8045225434078723
45.84552170510404 0 6416.3654221982415 4019.1957038681135 3.3505060604277532 4.66030419654072
69.06929419583409 0 6482.659557026354 6163.824167599071 2.2791083099423433 2.4096728008200134
80.42403002738116 0 3975.622147093882 3544.7331794722113 4.264665270245277 3.2196557532473067
67.85049897168572 0 7226.4726197361215 8641.198256289337 2.349240550028763 0.37676891127698064
73.48823598526008 0 4024.8629122142465 8381.964404830438 2.6653687360027476 3.633721337350729
60.717914912380685 0 5590.171739857856 1358.8257582200424 4.352538494953454 2.456152670764266
40.93204404520587 0 6354.9815344569215 8820.640898726646 3.5296838372777395 2.323026177315637
119.43348623816907 0 7897.18118795871 9533.258946636532 2.209743166720717 4.912113052964596
74.90822866093335 0 5002.992399238918 7002.751429404508 3.075652303215371 0.5655840812760665
111.30584681800389 0 3258.9088003262036 8781.47452095362 3.049823891333511 2.367731194375689
27.85890774608108 0 3692.356145631168 1376.376469854962 2.220217809722396 1.000212883176984
4.58877171207113 0 6842.804005974166 790.3274353061119 1.3946634124723416 2.135533916874301
49.901255200012834 0 9785.715184613382 2379.458157973021 4.065216386474933 2.019136340144515
49.88583383072512 0 5032.001665973023 4870.751975296051 3.831799715162276 3.3261444244265403
59.364250767006716 0 3296.437544675548 9364.011547787513 3.227317755428978 3.936528967193476
92.273803126896 0 6334.422733042262 61.23484671740176 0.44573034712199033 4.583811974661577
5.0556115499236824 0 6315.507258887338 7925.651326183851 4.981863521880817 3.0161987236723315
56.699053513238376 0 4857.003836825459 1200.9540022625686 0.7818041218639221 0.21991402786528114
65.7212507334019 0 774.8402373703644 7950.935582106406 3.0919155185205844 0.36730075661447537
69.91880301752745 0 1558.5495358537416 9824.884532300008 1.5656303612049438 3.7018163813046856
112.21483205068442 0 6288.1102096922705 1695.2418960319592 3.046650417482761 3.874847506330296
67.93924356417787 0 7984.9332660207465 4920.558841580033 4.46561796712612 1.8260486089383643
116.9447169782977 0 7700.074229041776 8249.864210771493 2.2455197892255327 2.404980405344483
44.06240299338849 0 6830.650170521622 6108.606289559582 0.16333544299587832 3.8165270751518365
43.77085761533382 0 5024.5486829842 2000.0303671862573 2.3687354606907105 4.153178505387104
2.952192973533104 0 4185.995410181375 5525.8545101817435 0.860435866351239 3.883552341388146
53.899474151265785 0 8063.24224371407 2523.1430424853675 4.826906261941307 1.8044163951398196
3.2728348527535793 0 7408.314455194522 4115.32526413433 4.180358700176755 3.8820843412291097
