119.4716367169855 0 6676.8722648618705 4887.536611227583 1.2946470383327524 1.4464577155113312
93.38620768880578 0 8282.002471121894 8367.629939512914 3.0969472653459915 1.9975471549033086
81.0820196560185 0 7907.033179569425 9823.78549693647 4.261944361159044 2.6799853439768766
4.278801441535593 0 1865.505835489031 7464.4419918580115 4.986617424449364 1.1481119289098918
8.224963179291978 0 6790.263721180221 6129.772966832477 2.0908411266659277 2.912905968724176
77.81334630739957 0 7912.890717413565 1898.5190090225933 0.23536906381663836 3.8128427344353417
16.616220038721323 0 1876.3822020869848 7785.044417973747 0.23712973293808615 2.1699852860037705
2.069169033798224 0 6588.311858578285 1998.9891768258194 4.742401559688725 2.2788160608887558
60.91220252107598 0 2109.065559262631 7134.6211191032 4.690869260677864 4.48981115174108
11.989311242597202 0 4773.337297622497 2530.905588430641 2.468747190854536 1.3036165729492988
7.1129228161540645 0 2720.9988321176047 245.45739832091408 0.7738046381046054 3.335330375262171
15.580984134990548 0 2082.0342560126683 1630.1337598373223 0.2399216899948331 3.2042921513351095
43.40604777226184 0 7931.187236146457 154.14176543933957 2.4151733039132663 0.3226785829399992
72.97833424212598 0 912.7362018862007 6804.974748697688 4.575336210626017 4.7069253170410565
25.506958438052486 0 6645.775387495836 728.0349716886836 2.868524759873883 1.9270049645468512
15.827659762915447 0 8583.480219467312 5974.917972695787 3.0771540099713772 4.44681543107928
105.28814574613843 0 6264.677307660084 1840.4881753757218 4.578456176981464 1.8335839419564777
101.9269883124075 0 3645.314839965802 3858.9921725920094 2.7921994345744534 2.782345239806918
29.040048666143285 0 7681.2387297248115 5337.622684454759 3.0353774196369647 0.3192343784030821
73.84823360282903 0 8527.504021687486 7560.378230924109 1.3433481833638456 1.6224323423605842
22.442175814205903 0 7686.084538953105 9455.922799376407 0.12827306454176346 1.8416194353002457
42.4458842105116 0 4839.840893046768 2427.9256229923994 2.3205443052347388 4.2634989492856965
91.14317719580043 0 2075.1336273625343 9460.372248464357 2.2461223999261826 3.5766601829774
110.81193601597109 0 8117.00834658182 1334.8497299162343 1.1950256663260728 4.228782155507561
114.71312100598404 0 6853.688810243737 9982.71036670577 0.6971670282408265 4.298170328483828
46.05273720042622 0 8447.21327272932 201.43988085206678 1.9662807153928918 1.8216793531404325
113.07438743534755 0 536.2332906708289 5067.214717783993 1.525292857162751 0.11711768303982129
67.97643674326123 0 2164.8632391739575 7714.335787350202 4.880840078674902 2.723723511054734
6.39395593835987 0 8769.201238916698 6845.118818409364 2.6637304112275944 1.658323037697943
54.541274253853324 0 1291.4452058105496 564.9799188989913 1.4073642992943003 4.891221047583095
68.47254241401227 0 3987.6969008766914 5142.9971391468125 2.180075505274956 0.3243919618032026
0.7065289078168543 0 5584.702575841795 6290.887334330101 0.20295944121225595 3.509630505651585
104.92053171187746 0 391.5075382552324 3929.970320504862 2.0313919806656595 0.8663333321312766
70.29087364181753 0 5317.129554758354 9065.023447950438 1.332723601118978 1.781770832377142
30.991819851141713 0 6471.830870684742 162.71706517707486 3.3912540714955526 0.7533856235145814
116.84034719946128 0 8918.535665791163 1231.1108543801809 0.43465205551371566 1.3853242754400674
102.0405453967373 0 8332.812224876561 3796.054885042666 1.287541289745458 1.306337654560168
14.515116622722648 0 5785.777370652633 207.5382680163995 2.7715164520235698 1.308020706466273
18.81667039460843 0 1614.3849821041645 8539.859567284313 2.5972160367257584 4.779173460398241
27.05965951247984 0 2629.284609012522 5474.120949161667 2.927050257505796 1.9788577310193416
36.3075585701219 0 4345.854458090098 1578.9443526041991 2.888595727193708 0.6533031707380749
46.52075974049284 0 5025.6920450470225 5841.859668688102 1.63721680735414 2.9453033826985378
102.73335530071373 0 7871.982646159389 9189.973787868876 2.89819636857298 3.623563646268146
90.41874838460758 0 7907.476156178954 9495.835723554008 3.6846847596098353 3.5799488126305725
112.66326628641305 0 2982.556565673952 1494.3217870114977 1.6795304593304472 4.875855300653505
18.149687290926494 0 5400.829574528444 5320.960665566683 4.09580271626864 1.986699644683031
5.8787588248122615 0 1607.2435729559343 668.3082665717577 4.7582126307519115 4.97699041165381
62.075055121635295 0 8587.237164045964 9634.976529612137 4.714131199924476 4.783150768715708
83.67489958711336 0 9855.464648407322 7213.087975148385 2.9792374234642582 1.6869644328156486
17.8781477369938 0 5764.525055923919 3992.0725761771923 3.7847141376153157 3.3665068413846555
7.908049906649023 0 8128.206323102446 6765.976272098663 2.085369461109487 4.072067731909146
73.9412907300841 0 4760.729218924665 3679.9093572846177 0.9948972140528495 0.1407319902302928
77.44463789012283 0 2018.2835666887745 9401.592433267724 0.14401854485451948 3.4378624722412257
54.08110407351454 0 3503.5053877875753 1654.89761254625 1.449505383653244 3.6994864097345737
50.17712034658134 0 2020.326482811049 4089.0923475173845 2.291564969151812 1.8237743513014593
81.2399675374665 0 2010.5880117757092 7415.863764819657 2.982358098878413 0.9137919152055335
71.48105248604638 0 1607.5104657964955 5517.681740202339 1.9140663903874666 2.2823336472198896
74.49445082213366 0 7499.020354542493 5223.047085667891 2.949338879966563 0.7869787508410953
25.515987687607282 0 4627.967040730836 807.764566648469 2.3975591287239704 2.3134132269755563
48.598774963355 0 9705.036091754098 5065.650436587207 3.9237302646094676 2.7598856926561166
13.038318578507955 0 5643.907541128461 5583.935428857819 2.493535874198567 2.7738459963204094
100.58639715059812 0 1713.9329400713111 9601.437264979622 3.59075134315981 2.9652428618055087
119.73431836535194 0 9506.750148351588 5502.818327401385 4.421592688015482 3.2167039094846004
65.99466306423255 0 2246.0474937514487 8274.825957005145 1.8554365412591163 3.443106443065651
35.22650631041106 0 6412.211736947644 1581.0577425025995 2.8591861367994538 1.435583501902788
104.88737584477948 0 4685.490633358855 5163.427403455296 1.2485807015676547 2.2257032576642026
68.6964421474173 0 2384.219159209844 2965.8698362221203 1.08786171594359 2.331467092083054
88.31872439093117 0 8241.787041357231 9859.018256843838 1.808539702669717 4.579274185042927
85.62676769101853 0 1864.0814656017778 3602.0752304676184 0.6088565882296243 1.5627434335572583
16.490403585853784 0 4459.583747186663 7244.253415857956 0.7360337087583235 3.829687006864285
9.465795085036868 0 3166.3723348810436 5115.467657702509 2.16977121507142 2.323320580089568
119.92360141676781 0 5411.008158672737 8874.214265166134 4.6406566646136325 4.845735636100257
44.9606198415856 0 116.35998339970088 3888.509488019839 2.2544918544176062 4.118606342457199
101.04981736608127 0 2673.0572278836016 6847.898353453321 2.6669522511067454 0.3436234612931238
14.610076728973912 0 8984.160206645885 7374.087654796443 0.9329061308872172 3.9975257691179684
58.68435820133349 0 2224.5190441230843 6622.845884038668 3.2827567119089784 0.7406857391023153
4.7951948061855925 0 5465.093481014747 7014.426681079164 0.4321572367749138 3.46139626163948
111.4902010739662 0 2854.358857492326 3387.497614089855 1.8820420619725375 1.5176853300898363
70.80371543085768 0 1696.6022857709195 9321.22154952662 3.4946956103576206 2.8005469561184633
53.50174517938439 0 2805.5008905080326 5455.313778450003 2.772431702028829 0.9343176670488851
59.71640236632439 0 2965.5464878316384 479.95306104395286 3.4209538658033933 2.1095165429992973
83.76378160657949 0 1751.8360990577642 9283.241744757546 0.9461964498130138 4.6783172716195915
5.028240973246596 0 6158.816924229561 6373.83980039554 3.5229346841660685 1.115505176673498
110.16205304053253 0 3213.304815815148 3790.996030633025 4.576455367823938 2.262299971406398
75.07136103783273 0 9508.558831634109 8602.514679404765 3.5090983326723926 3.268766606083008
48.15690868116952 0 5078.932266394754 5016.772975227015 4.9079327390889755 0.2723418835803926
74.15184895194282 0 2273.7192480829217 1937.6440295824436 2.708627035246938 0.0335804838595094
26.748621804695844 0 8265.88589273264 6828.510638119299 4.944533678018489 2.5515822286900756
68.46576339305163 0 1709.5436860010582 6526.073828424797 4.938753434109091 0.7536168780757768
41.466072455156194 0 655.7539152700897 1958.0183575534659 3.798420266890548 4.889307963881101
59.15942743813308 0 9218.163788055657 923.8132572346003 4.623430923494453 0.5997892954505568
11.697495029526594 0 6007.684608900705 5908.264314501106 3.2160689558177213 2.0774187998507276
105.88749376497775 0 3460.5928755973637 1143.3935566519106 2.3686835867989786 4.520210247017238
38.27395475878591 0 9031.947124655004 6519.355958034136 2.2700056062038803 3.838021815454662
107.0142796986793 0 8464.934077851623 9228.874495156397 1.2793982428113382 2.4144205019255556
73.18929914326328 0 4222.756608769149 8307.222207240387 3.648592619503701 0.14865663436450072
54.59440407093069 0 6336.433719147159 5582.495480253437 2.1923998143539554 3.033649612707909
58.278147446325335 0 8657.304112061473 6027.6966712435205 4.730066793556307 4.188107872197243
46.762593019998896 0 5561.3482014147785 773.8328348856371 3.389422407811421 3.519913768573846
90.93203941455742 0 5735.163429185835 120.80502425093175 1.4167794588049787 3.9370688297352867
27.576331130957133 0 5173.011042050889 6212.100672823378 1.5258692509845118 4.458572631010237
99.58844387902138 0 8219.641423007592 1278.9614144339212 3.826079404418458 4.219428328074161
74.50231412994674 0 930.0222375311173 9390.207299399917 3.640918044190595 3.2931842468847856
62.03860930754479 0 9920.479948908405 2902.4559981244656 4.425739844943072 2.4516130099247024
71.60081769215377 0 2058.1730391097753 857.5870432653387 2.970729156464391 1.0802994965484318
117.10953693079557 0 8573.646506857856 4284.565840570891 2.645236652760242 1.9574067573523135
28.281515071892482 0 7437.054105069719 2336.5765782472836 2.9001953771039353 0.10836553250426983
109.29543900422543 0 4148.220809157152 9832.318031900792 4.534019272827596 4.959422537353632
64.18936083649004 0 8398.100032037873 1347.5980199784665 3.6405915980735006 0.4905994134109759
76.75058782466901 0 66.89291868260172 3258.41666481665 2.1774810401124682 1.8782541225132576
39.75169415251169 0 7338.579132165266 4713.395242969997 1.3655209857919803 1.3512690663187832
25.037491923328798 0 409.7894936274593 414.25607251518005 1.6820444924686533 2.7197074870427334
32.53998170258189 0 3080.4679003271394 6965.634919639807 3.3752122466993857 4.017077429610048
92.7396667553805 0 225.91363982849887 4646.7730146780705 3.6726410922468617 4.514118592670872
55.85837670760478 0 1711.357887371575 8244.181251753864 0.6457785765341695 3.7356468667333043
24.878479420828405 0 923.6037799517227 9116.467671690396 4.221954957280774 0.31249854955408995
82.81773808541902 0 7924.866022756767 7864.547740370857 3.619084425990401 4.975039589932999
74.3095075501618 0 5350.213062274066 7132.021620280784 2.745024167664809 3.078815373374475
114.9689636607332 0 9437.057611736915 3124.7705331024354 1.0590579844572994 2.853600219614667
111.584317918119 0 247.00328880266852 3820.7429328438125 1.9206484567620037 0.19770378154792434
88.52350504988009 0 9553.237855864925 8769.316325010463 2.739479043340692 3.561229419185113
94.77095381002421 0 9966.04705732544 2373.175817563753 2.217232708554449 3.5928381166573526
8.446796244320335 0 4199.516536593582 8294.181281076242 3.8830070970072628 3.0959142625501803
64.62952041974089 0 8760.348229822492 1282.9023727207511 3.2532043695816926 2.3667497987907593
61.62151205365037 0 1360.3196708927246 8750.924857178496 0.555475068605269 1.6217338562604178
19.030162061979098 0 3228.7008366886694 9626.976107327186 1.5937452466255464 1.2928082587245504
37.84144543815087 0 3259.8136757366037 6477.80829822733 4.425456954420733 0.33132326814521385
61.82209092995435 0 1967.3640676023429 4903.54824230116 0.4763814661386667 1.6150485076404308
80.87396724443215 0 8889.797146833507 3741.3284649842426 1.7933375043626003 2.104959452144773
81.51923538397851 0 6580.637613839904 6138.004456393212 3.9034917239622042 1.3794463769663672
36.17511476299545 0 2822.7637240655476 9748.474415671153 1.5190748096500417 4.403662506301634
7.710839300484096 0 6702.437274787822 5203.957196580153 4.30810810174106 3.717742796275128
7.5952446582241455 0 7971.724214993974 2855.5619449392666 1.8345992740025978 0.9532603425773895
29.88168060127315 0 4367.659805382977 1884.802633177145 1.1920581181280436 0.8954851200192748
10.94031267993187 0 2499.6646296829917 928.8207984930119 1.8379791050816903 2.7776090771679485
24.37952609646305 0 6273.530916763574 4480.214646805837 1.5721312186300218 3.4020677483184
57.18874249308307 0 4223.463955477834 2474.943610193615 1.1528740265298887 1.0955185149977709
58.03578982934501 0 3757.693038122379 8368.989732601813 2.554160292583723 3.3576093727444665
108.70118378733412 0 1293.7191849328499 4417.053211192885 0.0693116126915283 0.6898921251362866
49.924351573970014 0 3287.6661402936447 6792.159132747546 2.7517283269366555 3.5270085603186256
24.830748215067015 0 6107.038151654672 3298.337766934978 1.0839610391681025 0.3969266546958172
34.2088844508552 0 1658.3658235074927 8447.59030282765 2.432467663441753 4.4352022752375655
36.64197012117364 0 2367.353894878791 2816.7206562982237 4.642851423501449 0.7421001914172187
61.65058198427363 0 8601.092584007996 1062.1041926832886 3.155396508341636 2.065341942177004
59.11428449794036 0 4370.6384466899635 5341.36168714149 0.08097697102558088 1.6574483174231207
91.5169343064116 0 5656.430419833286 9074.395604494031 4.18792545828193 1.4988087268888928
1.3718710767722861 0 3954.9188151897597 5036.112910054231 0.9385942589796153 0.6933931801029064
0.5089498124197213 0 6590.804353083361 1656.5879682251339 4.411083789842229 3.9106982875229797
59.814515136011075 0 8958.428785402242 942.8518786978445 4.854185819667735 0.1975076195418224
9.377113611662963 0 9819.270124055083 3246.6653224008437 0.2751284153753669 1.0291089097648798
78.83638257456808 0 6303.141186564351 395.1241116023674 1.4357349369433496 3.306460110660056
99.17157966918695 0 2109.1627027269133 596.1440408044172 4.611972089602195 2.1683955514640867
53.78287136851081 0 9766.48586918417 1903.4936871734553 4.4778054492044275 1.9427697317214765
104.35579934417262 0 314.38634572050205 495.96731652784774 0.9006886107234741 4.2249131496314165
99.72255020225874 0 2993.1273838539164 3477.8593167052795 1.3695177703562051 4.7165946604726585
78.26528250107798 0 9708.12691222515 2284.469810690273 3.0947633034693927 4.843037285446638
119.1271347977364 0 3296.8566438672274 1261.7586219218358 1.9342366999998062 3.709946330622313
79.00576386796426 0 2664.1693153794945 5672.1054171402675 4.6954063972313795 0.7680415900044979
2.984765576104657 0 6871.255437307876 7895.412319266952 4.6163925744612815 2.2713638253364765
22.67668802200613 0 9739.239266099712 6582.93001110806 4.55252114200979 4.8585288537200855
92.57350168438883 0 4145.5785151611635 7351.598994530528 1.2672091372066814 4.8711260237474985
47.65955446589479 0 15.053899792262238 9499.71640237205 2.7524105788167113 4.102298387428746
64.56680003555448 0 5.239284682951872 9665.03155798752 0.9588328615890007 0.029378418978358023
78.58571354436835 0 2334.1480256633663 1817.7095980050217 1.0265900164068902 0.07127550404734839
51.04643751393712 0 4578.91371998777 3563.557708083487 2.4805562046287633 3.80770423762204
30.920549298023023 0 6791.186823959725 4081.4308705429357 4.884841544848798 0.8311177934920599
38.9642406303183 0 9341.76918712464 8677.893292531056 2.046528008414849 1.9137290188124028
113.59253543440492 0 2669.813350292279 7381.304393762769 3.0598872099759875 0.6610377623168007
94.02657645149955 0 3801.1653595958915 2210.1580781261564 4.704313979488773 4.788920482297463
107.83755082026346 0 9724.117856646244 6309.631698891334 2.155427535899918 1.6953142361236377
38.4522174350841 0 5832.137478514707 9430.614810186731 2.0627695093353986 4.729213970562661
65.96947422226353 0 6649.336309134003 8700.364542158539 3.3719833716929273 4.570575772867263
103.54731346661582 0 2180.0461609619283 5412.008558134274 3.991118176591175 3.5915526957143094
61.75853155140271 0 307.1333829788958 1064.2325141412134 2.6026511227655993 1.2330412806127695
13.291654359397008 0 8236.945924255908 4863.505469385651 0.6144207353994191 4.9030528052641085
26.970023976028482 0 3673.929230524067 407.0852790593005 1.5286174070612102 1.4424548229924228
60.90036751691402 0 1840.6793066131345 6414.639073093434 3.5204491935218867 2.6648702072648844
61.51130584225618 0 8601.700877678002 3029.1738643876465 2.054277877035508 2.2106060055893124
9.78280987076165 0 3051.090584705771 7895.978361633158 4.7101771562859005 3.994811834277558
0.28802258082274257 0 5417.3874327682515 2790.5004591669713 0.24498290362406472 4.457254140760184
16.175970089539216 0 6677.3198299181 9380.345791847754 3.5815351009518785 2.975144099136004
58.54632163876732 0 8170.166685203209 993.7289067682808 3.0169334076384056 1.82248668678196
30.22785504493244 0 1466.3106348937904 9879.562378606235 2.6328469257907043 0.3792070594765301
18.94722320427946 0 5645.2963708555235 1207.5157725586262 3.543537895094768 1.0975565459888903
119.04646415397146 0 4264.572016160358 3387.8948851428836 4.719665796785234 3.9681970755350267
9.339463410116721 0 3558.4412101760176 8504.432017616271 1.6850697920176176 2.2722604869957803
45.651176719444166 0 1849.6995039650255 737.9662223401195 4.1420189424590115 3.2793373759244586
62.200973323236575 0 157.70008979741013 6063.825478556687 1.6197199844397963 3.7068848693950525
15.081561441425956 0 7582.329699012641 1517.5833772217406 0.7598188635171865 1.9353151325538587
14.108501332638964 0 8141.993361798473 9411.728945240713 4.3370211350837335 4.145381106113745
96.44299567829167 0 5959.7012015641685 8991.713198080999 0.8903913084803128 0.8590156887649797
35.79187018627402 0 5067.328493856288 2795.135876586676 0.9597014679737426 3.083226533667332
10.091560686313995 0 246.24214879088947 9754.358118165015 0.49401588400315 3.4948343585768193
44.72846654226732 0 9410.942496121754 2352.1608627161418 1.4083839972340222 2.913320228091597
64.19567318986978 0 4084.414163469894 3956.2659694298595 0.6799239472443525 1.090473353992718
119.51042358758404 0 7284.264198456596 4118.399867110037 3.769838352902251 1.5516160486341941
20.465737572444553 0 9237.35641404941 6385.136764314764 4.878060721682491 2.2972184200706964
93.60767378444024 0 9887.230281303702 727.0752375443623 1.6011085525183832 1.8867297638643432
64.04152800478076 0 2261.3632775213755 4643.982120856291 3.516880215020957 1.0561922712929173
28.45216197619941 0 9991.827807321368 8133.44931225498 2.0854550302144954 1.7932937084985245
92.56939975020636 0 9301.33127766591 3168.927526259403 1.3028970327871119 0.7457806940420031
23.86040515269482 0 1075.8018315972483 2211.618893492879 0.8039972324404304 1.6833180873938225
74.96623404519973 0 7571.8475126592775 3966.109728767886 0.25175261503678603 0.856453958640867
61.429686653738756 0 7411.168154634318 9394.87238395018 0.932436206802601 3.371243924635536
2.820467517092672 0 3671.6935057330256 2318.8671256112525 0.4044768478246308 0.03540156822533447
83.0605860414897 0 5802.952754062185 1989.0923567571872 4.077869211540369 3.263766005869462
105.80527715222061 0 4448.394902402451 4785.827206292433 2.0241060937421826 4.59337885069758
21.799052499577282 0 9809.877604918058 2425.4832161322115 1.3054228972439068 1.3626318148420968
73.03197986142708 0 5368.46516053489 3877.0779861171977 2.420856277582297 2.615750602235125
13.383068872208113 0 5372.36753116392 8971.732594670386 4.722612137736784 0.4353271001125064
58.41228598606426 0 34.29001356451855 9985.15788905823 1.7429507879948076 4.711662754277145
117.45270265554545 0 2319.7336298624673 1684.7241366825383 2.3966752991539946 1.281645906232911
47.352755435830666 0 283.2525813206721 9824.379962455438 4.051451159372416 0.43890931425709656
102.95295697145265 0 4023.7837781608996 9619.227762841478 1.8829417957694634 4.500304714332194
26.167609791977014 0 7743.552521861215 9584.570471272726 2.140204718183874 0.1818830188896603
49.61637699919366 0 9520.909763222126 1034.5612294674256 4.6164645326374085 0.01324810014378397
37.261326045121386 0 7582.196321460382 123.77219590117394 3.072309485171232 0.931835858077063
51.09939638629596 0 8630.835792656773 4860.617905102867 4.527116722349272 2.728371652309334
105.6916148197318 0 6667.364706511589 6150.201805405329 0.39591668706837946 4.300944002245981
108.74882568340902 0 2699.540837636325 2956.7565303974907 4.339506999056056 2.2417054334497832
82.38621719909051 0 161.75327359372994 3815.057912200679 0.6811700715522673 1.529545037430506
43.387895582658246 0 9223.847514153324 7601.229315840772 0.2396516769747986 2.3715367408635695
29.690897485810428 0 8275.60939423175 9028.302881931688 4.418666283887321 3.5862875512714787
73.98489491148099 0 5697.066152940191 7398.16909240345 4.505097348125015 2.0776572855477715
57.515527630791844 0 6183.374981997034 5944.950246757266 4.02249419380502 3.5499663952502534
5.91048620801235 0 3967.90284204662 4270.6655656253115 4.9700285288589265 4.227798088114848
99.11108012535693 0 7652.10528975867 3585.2649696165226 1.2270453308262126 4.557120931246301
91.88149083638933 0 5417.977312816059 4193.77822841393 4.377981572906565 0.8031458781293066
65.02346515848386 0 962.6166994544161 9703.69347773746 2.669878786483091 0.02054527628567393
119.34598097868614 0 9975.580365665306 499.1698388832766 1.2793396489850721 1.2461815709221762
58.43634483813627 0 4942.664944679105 1609.709181129131 3.486297302451554 4.244155762005446
19.370882774590125 0 4884.907974849175 197.0764924987889 1.6404287690803003 2.730588383870386
85.18552720512541 0 4061.4840603499847 1446.6531881768385 2.0149609245283884 3.0922556404177177
113.60836697313202 0 294.36226058428326 1411.782345913607 1.9713733135297429 4.6394760538659465
81.35394616875674 0 7410.510498305006 7706.448541424666 3.092409837464844 0.5366364791036765
51.89898009118766 0 9072.768862598028 7539.945962439515 2.9089796432114334 3.139089896829767
119.75826377093088 0 2750.340032869105 3007.030670367293 2.3931396773282905 1.4569394030732647
8.502670575352628 0 7645.691491254284 8662.890272526127 2.7194670861310923 4.3668592237285555
11.292034394209509 0 8982.159734659981 3093.711213027771 4.499185419966211 0.801045264313418
58.27808407478435 0 3284.1937825271116 839.7937171662318 4.289478908984322 4.311353437608547
70.56747093105027 0 8801.33912315943 29.47339972024232 0.03656319204533687 2.6341595350254816
117.98625026186973 0 3008.3091566811004 7601.045901237312 1.183417500240942 1.8889442046227463
78.99385252638238 0 3128.3484525493877 5619.622504593469 3.5055081085404174 4.955632143243667
67.04094762383978 0 187.51237092598626 1380.832211666171 3.9619629467266697 1.8131984483224561
49.67318501774694 0 1220.426249243618 737.1437812424886 3.5460379593442943 3.28806843045993
63.633125944197 0 4424.771168205864 4946.469141422093 3.393187313688238 4.832039397921798
95.6216931523296 0 8530.739184605036 2619.0886486493823 1.1232395584411 1.4414192622010713
48.5034848458586 0 8922.533976504092 6274.5119488531545 1.0520086809368823 3.9556539733993334
44.52458516230379 0 2878.326899896733 6835.634506590015 4.9452705880070855 4.858958263821987
112.95417880362571 0 4541.480059943431 1214.0159447338872 2.34655973986579 3.508924588945515
73.73345942789103 0 7892.158443600728 4758.329402333048 4.521959526677547 0.2650856584528788
37.52435014036513 0 6682.740870029489 9436.939908971357 1.9217031562072684 3.102502436629857
87.86542929735607 0 7127.8887512294705 345.4648178776676 2.042667990706298 4.668720441721099
53.541716292538425 0 7941.906117222269 3411.2845829915263 1.183666177115672 4.599787730513908
0.46627151636450614 0 3094.249751442981 4090.204573598444 0.009070473707615268 0.03923976776995575
113.00894616674866 0 6989.425179365212 4315.930365913165 3.349451444418044 0.4361408328697214
50.65784521321942 0 3546.262976475322 3175.175832225219 1.3520039314038428 3.376559250180167
64.47752035059654 0 2629.7812882943226 5499.848357103927 0.9998542869836419 1.7689743363765964
80.11285026018501 0 9135.03253034501 2946.0391757165085 1.1950708144517408 2.5898290857758512
21.343664755757427 0 7681.936442543598 6889.699515848958 3.0368438991028794 3.4325888498864936
108.82315587461125 0 5968.033437828531 5233.156133011442 3.9376018574118667 0.3112399557462453
87.57135906217653 0 7222.362045231349 1380.7284811202903 1.1861302608682593 3.421307970236984
27.813026874960673 0 859.5268587343808 3942.0462079001227 2.9096607648957646 2.0764508327299884
7.202723487222532 0 9004.907235833623 5151.950290340862 3.212908477480188 1.9439390211141139
19.542094769654966 0 5895.1620880428245 2287.959290814011 0.6817511426997408 3.4104978106022203
97.90979886215398 0 8521.218385256918 9673.350307896068 4.7901779315937025 4.760436808670981
95.3852045724516 0 9536.100638437318 8578.891312203477 4.784023502324516 3.565243029643137
17.996454333702875 0 3156.5252908603115 4866.4716364879305 1.9234276084682345 2.788651612179578
7.811012477904096 0 4101.53874248234 969.7699311391106 3.627410976221594 3.9718171821773343
67.84499042035894 0 8439.812578143928 934.6805079308473 1.2711093561507032 4.487550516955284
99.27022805903022 0 6300.570053648357 3774.145025599097 0.2669211805374705 0.5862443705647086
78.33756415226429 0 6718.799877487697 2180.466126815056 1.9297247146211571 3.3337852191272783
8.330735663617496 0 9417.873270748509 4568.634700404868 4.828687477491015 2.683778343354852
40.20820678132976 0 4801.533290786967 4213.659502622021 3.6968808062050273 1.7048021289819326
119.10018668976221 0 9770.304955544423 3909.2330440875435 3.2444891093150794 1.5976923799702791
9.238555024998364 0 4618.8680905476285 782.0091524657447 2.454338012279474 1.7365904277152766
54.01687478592269 0 1618.7057465996502 6450.37372217341 0.20917171435439086 3.8689243414628876
61.06078190036488 0 8214.684511595795 8735.404769562283 1.140315339347664 2.282849558364315
21.16970868542547 0 6941.669721599312 6311.661914713759 0.18261210320731858 4.997431712597749
83.02127393482698 0 4757.632376038117 6855.544245758667 4.48614667392892 4.0906881297175754
3.2455329088469074 0 2333.3962944162013 4656.916175385156 2.1180571607693848 4.153710379877641
81.27761299073434 0 7677.522010955244 6245.3216668945215 0.12646771915625632 2.513025051736675
35.48351505259661 0 3954.1288249684194 1004.8191189015199 0.9928204901941734 0.2828897687892856
66.89398535830456 0 2432.687644835534 8256.236468418612 2.9131494663689312 3.2173767202248973
110.21116141209714 0 7332.668762721659 382.2836026071663 4.614467649918139 4.655595780913865
14.060212214076433 0 1244.4847687452066 2263.9707289779367 0.1491465542089354 1.8282006369379693
3.806154358835697 0 3638.73658982101 8897.812392013748 1.9871122262203178 0.7534868766032865
15.421742517365155 0 4582.278281883774 7269.427254028948 3.3339895797691717 0.7587218491098102
4.074499642443259 0 7571.653405727411 7658.941928391918 1.6716645097391765 1.6309113756074063
49.83408493822128 0 9535.579379425508 2424.5691638502485 4.887429290532196 2.8986912542000516
99.01432768229921 0 2878.087126134937 2862.3961743906357 2.546473843984827 1.769879647273167
95.74212840254731 0 4563.744559239182 6961.923658389884 1.0240987675373097 4.402063609645579
44.46475669819851 0 7354.1851013387995 6558.187070697991 0.6627682937355239 4.3963041397396205
82.27527068346221 0 4468.82295571109 9848.873526507321 1.7050509673146619 0.40526271447367035
87.52741725954152 0 1732.368600692512 3643.1636797556066 1.7962967572279254 0.35677933234147363
49.07304625049036 0 1518.2522184547686 9550.723807674769 1.0242155187537367 2.8806901975662926
86.05369374593607 0 3110.475090394138 1601.517170644181 0.12971571945533777 2.1623676083054444
92.3898275302621 0 4285.756564738912 1549.2206737393199 3.9820621013746544 3.7554242638108
21.05241069998042 0 922.4612903917495 482.2626185807244 2.307999737175967 4.285334037126745
76.36237355009415 0 2772.584276891843 6109.621999328243 2.336319224417742 0.06592340098680649
82.07093158469465 0 2346.365291984647 6376.64552780335 3.9369665985153164 0.9043278256302006
65.93206521162381 0 132.29444810553326 1456.710601116369 4.321467027419039 1.3315018037001558
3.0708676328528535 0 9546.254772795444 721.5937939717498 4.132409008174202 2.555424696323576
46.57142414196807 0 1472.4907263641142 6606.234992721143 3.0394342546912734 0.24979895592910362
72.33394431044604 0 2242.6320350243145 513.7268487990654 3.781044463996322 3.4188105519512915
49.754258153114925 0 8463.149052368994 8796.676800952033 2.4629189892763765 4.978666041521184
53.27411706772258 0 519.3743508502946 935.6031972459344 3.836730839058698 3.5531389032471377
82.63386110275738 0 9412.349770204766 2591.9585320479123 3.4389650117371278 4.739530616102844
108.78079283583877 0 7035.509033275079 1279.355877348438 0.2740508718829149 0.6295751629622875
52.6403954115849 0 2016.0516670873385 13.156301188820274 1.5498339736341733 4.096873119644368
72.16625934529867 0 5244.290879422093 4449.498259303314 1.296670705821446 3.261339226060258
61.04817055854756 0 6472.733469803358 3396.3045311234787 3.9823437279003473 3.319143061054637
75.73930019639508 0 4710.620727000924 1618.8680549323997 2.82291466291516 0.23583130722295398
77.90726857274353 0 8218.404515084581 9241.342709153652 4.773295143339892 4.37467782640712
61.39445801472791 0 221.34280792994733 4798.779364801311 0.06521701975884697 0.982196831706359
64.32013319836612 0 4653.274107463378 4216.3716199982655 1.26973313847536 4.611841648679657
10.922682617234274 0 1076.9098203140327 5773.852457174455 1.3443512414063292 4.648607235255506
17.127943212548438 0 3520.310271341124 1639.1124884942487 2.299313849998449 3.6295402584327974
117.98534138204836 0 1464.210538815014 5379.8013608729525 1.9773252843927214 0.7821871306237149
44.75670553671965 0 4942.26298065441 5061.294890972211 1.0928579471635924 0.0737454298089002
50.425810750843134 0 3675.2123939833905 5639.904542081334 1.3406393780345955 0.5231379198857977
17.689597542985034 0 379.66669015394916 4329.008185892369 2.9649650593059125 0.006363668413375545
43.29619118722473 0 2659.4904665612275 9185.885786406281 4.889173759136326 0.17051229871586526
108.13104343640725 0 377.8986602915246 2538.117883334492 1.6805768980099285 2.841819104782543
62.8806500351531 0 7143.332808710627 7515.8014873322545 1.1728614300772717 0.42064802378181554
1.6708181098472563 0 4530.037706161717 7342.487714795574 4.568317196106017 4.713726019161257
106.35215204127012 0 8183.178731146412 1925.1266096729346 4.303753280462752 4.484802042327468
28.996419579980806 0 3451.186327248297 8100.503670070155 2.5454269565787078 3.389816069119907
42.4833496993018 0 358.6216108075635 799.9981172450754 0.7489127795768402 3.6036641014632105
93.35704862159548 0 311.89362260008903 375.4037334317606 3.5780063586786293 1.1260690878506008
21.733342715552215 0 9199.156826844568 793.3187124480612 1.7555451417623429 1.3738438374064965
11.483600291101856 0 3648.493460442391 484.80794279818997 1.4040081259589217 3.936055076792662
26.831286366224916 0 8801.865823725911 7695.125191363532 1.1082535503655433 3.2773098518832624
55.5861214675782 0 7750.124472486663 6629.195606545717 1.032308059380802 3.2616981377739585
8.18561907289306 0 5076.799123524766 3537.777651162537 3.8559292181537335 2.445686165767306
66.86909242231438 0 9979.689125489878 5802.439647552073 2.260829875694696 3.8137152089762765
102.62357670865265 0 3210.4897109944663 9774.51907625992 0.8069277546847553 2.9125123740419046
49.35203877744728 0 2258.4179721657806 4084.9914826769664 2.011422460654635 2.2727047746201534
108.74815207928664 0 6658.2307981200565 9539.504477714812 2.7818366138699 0.04330942402658022
76.41938820482906 0 1534.122538769105 7456.424167323093 4.064876474829676 4.41741069885327
108.65510945829135 0 1655.746193710823 9705.592866882947 4.515461254648984 2.3334967599090457
68.80278582309951 0 9553.612863560013 7610.838383695404 2.017565232132672 4.206797562139622
10.576069045048213 0 9653.177564127494 6553.692210845996 0.1111004763982304 0.9857153429774351
43.89424129001172 0 5161.416708682671 6102.021273369357 2.718601516367041 1.379983062189329
0.35870118334338597 0 5615.863788733619 6300.64396926559 3.934362977322489 0.6039949140401973
20.697792298411535 0 9413.25454223088 8920.615392847863 0.5506764816445281 3.509234278756017
112.44591816797043 0 4667.356107151906 6979.035707136948 4.647138243656881 3.5185310270454813
76.75799839927829 0 406.12343999070765 5207.281967690509 0.9432436853347526 3.129742053984637
67.90305536416855 0 517.1598153802558 7134.275378582117 2.683087545189222 3.8144117376148694
72.97034403563934 0 760.0575629453588 5529.328497277836 3.3776558851078704 1.6823629261131035
117.06813739100393 0 2736.7342571466415 5281.103482139035 0.9232065201421463 2.1912483951474124
43.653168635885386 0 5035.480170449811 7296.536664019751 1.406419672548063 1.522089068164525
46.655350457801845 0 2985.6659645354334 4247.835399038806 1.2283650249846727 1.5214202141869344
31.54287768879391 0 2565.8002728834826 2577.2948214968683 2.4699312581948814 3.355057013296017
27.934944041564066 0 715.9527195904569 9966.490262947329 2.6549644489567026 3.4033084109916523
42.96338445765557 0 1541.6870255321157 8151.308847301449 1.5985320928991227 4.543607684356047
6.4614856991702565 0 9688.920618373751 2061.4459984805035 1.3992221231536868 4.577290516697223
40.51600328397958 0 7694.8871190705195 8957.628896056916 1.339956344509634 1.30172232003134
35.19570059585137 0 3407.097146093524 509.687668271388 3.1434810468364622 1.4163833612737857
16.556809675919656 0 9020.035882223834 8437.679778904781 0.5401176489262927 2.870632448560078
118.26308323096212 0 554.7602730285273 4840.014556438452 1.1026064537434461 3.390150973766774
9.014116959309288 0 5801.634509978964 3066.67748382803 1.0212330160641807 1.645968106502778
44.36494373428336 0 4006.793837683256 4747.176680419504 3.2860380884276004 2.2158073367585303
115.58875473158429 0 4248.126600854129 9514.445723745353 0.2825947079089619 4.960197307661139
21.89073687602711 0 3229.993222560582 3626.738843854047 4.132539264683601 4.913367737989547
113.0230485596954 0 8710.741260371778 4944.550421169056 2.343412197464223 2.360750534754476
14.077655828775468 0 3035.249317798172 1745.1311325671725 2.2872460848955942 0.2214151606778325
46.37730172403207 0 161.7379295389687 7496.062444657723 4.597231617833853 2.717887461770861
110.28968452692793 0 816.0719595103516 6873.968238808139 1.6826483227305182 1.0030998082179687
38.45119830464337 0 1481.9903134492774 4451.029443453654 2.175324686380079 1.4487040258778343
83.42147680949729 0 358.5961168864693 4910.035308280486 2.358632947088708 3.600821430414271
8.799696200112852 0 3219.9424755469718 9909.097214076859 0.4595258490184806 2.9958963946654364
82.75650798486055 0 6511.169552326111 3495.191998467918 3.5724255434047434 2.347738564103929
79.30836186457422 0 3869.154502523653 4903.2275695804565 2.1628867461104866 2.4803970939650184
96.23644307677901 0 589.7083426386507 6500.244379966063 4.171649169505683 2.4774883979853417
81.05893052987572 0 9494.152797089764 284.25231788485104 4.3005939690137005 4.226738841178515
44.86718174049074 0 2759.0856637494167 9372.178275328923 3.257605318954417 3.094579290947965
27.186726547893382 0 2908.465732842499 9579.468002671929 3.5899956326438036 0.6517191637047209
106.19938274320101 0 7171.133649367491 5447.4180498118885 0.9506473550276162 4.429367888231085
105.1474105751334 0 5341.878916123311 9562.32890115056 3.0656530647313316 3.5247374588464133
44.13947203908292 0 2296.0946273278905 5454.647928449755 1.4138673212242354 0.00979239781366048
98.39905732582356 0 4300.039665476455 9536.386350748837 3.764436418919266 2.163018783623913
34.50135334490093 0 861.4029028732007 6587.20029734793 1.4755104825524679 4.444986520528783
69.35155904344607 0 2148.451417668591 6046.7940412764465 0.7514862317484594 0.2662271595030796
85.93603652813857 0 7640.409937058961 8699.715246835956 0.6420320223999143 4.735640075985178
51.80479262870478 0 9743.998845738584 4014.917308225393 4.262396552020549 2.449296012358808
17.38775774436412 0 8843.009077602755 8454.785050098455 1.0108064445129177 0.7809559369198271
16.90207708747766 0 5955.379414630283 2406.519126625132 0.5425804709366439 4.218632114429135
0.3310390761548565 0 956.6058681710355 6072.22403356323 3.198049295362642 4.48078184751252
49.11607490825396 0 3808.100699804343 9060.367048991226 2.284724824257982 1.5970926585031013
69.51262715709008 0 2836.774872881134 1763.7141754329477 2.862803972532608 0.6172678199332654
99.62832700233992 0 444.6433464897148 4383.765624142299 0.02769265190676551 1.3728384250068637
94.51300121976126 0 5033.131657390732 7292.785142137066 4.9249359011043286 2.2235292167193235
65.40811360338445 0 8016.033364104856 7144.382953852405 4.171088963239033 2.9899199432035255
119.7029958696831 0 1649.285570308533 1493.2176714283253 0.3970049152555333 2.770769792708715
69.67846159293754 0 9643.637600364575 9797.917931337139 3.99736210455387 2.6132754185995606
45.38420926034909 0 2279.5785627059827 8142.543449994296 1.3752248049519034 4.352183633963217
67.0050458365393 0 4615.049178657966 212.15375395040704 0.004798344335306126 3.0787768193190534
14.323805240245829 0 5354.625541156382 5560.945305591213 3.1459249524928867 4.4444917810520375
113.47529852614934 0 9586.860144467038 8264.19036000169 4.169649243751755 4.02755076441797
119.40682569679409 0 3260.1040977465946 8221.698620543628 0.4159062585251 1.443196393227653
93.65510843239137 0 5976.647518732146 4445.062396012909 2.528516294803783 0.18984216709493684
51.32441493057847 0 4603.021240030563 2019.3873341400658 2.9803455759547455 4.996662316059934
43.71469862202022 0 1566.4304072254188 5531.777086947321 0.6622667464093751 1.6023826585058827
40.158623680103396 0 2221.58507152327 9924.53784103996 3.370471226340867 1.9317449209583148
72.56483770933632 0 8610.842971342376 4103.711979604228 4.8545828125029615 0.13647678014226228
65.01578486085174 0 8592.618230520382 7555.7122687354595 2.3655464536370845 0.0051670889573851575
115.98730055709201 0 1104.208247279287 761.1527715661304 1.0120600855955009 4.264878343927021
14.652504891163323 0 9742.427975236857 3538.260958475624 4.084596071739732 0.8562266008410996
62.24070348558504 0 6942.318703537016 7646.987054345127 4.670672729072157 1.2250359605936412
53.20511286181415 0 5551.582828092355 2481.2918087906287 2.775540112185677 0.7302086485081288
20.28089431371912 0 3841.9061199661164 1477.44793484199 3.90902251202524 0.696710980619582
22.776147176383628 0 377.99325341990817 3996.6373981536663 3.7279174017488197 1.3422502900666906
103.22411429039056 0 8508.263946764435 2133.3987286805923 1.2782581014346794 1.6650085910375694
111.35047705483012 0 9860.858657871675 3922.4843273517195 2.289929277636901 0.3052837209554399
41.381996540935404 0 5587.620399688095 9434.056672469575 1.5045465834826077 3.593035515168421
101.22173542857536 0 1537.4771350325157 5497.3427776052395 0.18445030452222622 0.5245165172449201
95.36179753164535 0 6000.948798819711 1499.4256935052708 4.847094936994724 4.925499656401804
65.27209086283311 0 6289.206024692608 6471.179634845948 3.5201808116457727 0.7835234630130361
20.099184393023297 0 9004.429588601666 5053.568948271929 2.7129617579469203 4.487043549293984
29.36914851593448 0 9445.9062515493 2298.732636825045 3.923522815619591 2.026787035785511
42.32229909856206 0 343.8646639646459 3594.9057954577133 1.1365597387171178 2.2290755057940554
75.38081361594818 0 1160.9419761311913 8272.695719848376 1.0540929843996354 0.921223460322893
92.4306214803555 0 6198.735872206683 1983.413052779014 3.079905504431642 4.054504070012255
73.31619712251644 0 3527.148945769717 9959.060569236073 3.448105845809561 2.9024044791203405
85.44590924474103 0 5101.868571269708 517.0014306326731 2.006426630440038 0.03787130132975158
75.52555503975559 0 2336.7784652129862 7230.476995970392 2.153177141003515 0.9984061157709184
50.99661601055214 0 4695.666975862691 6251.429092701352 0.6776798874478673 2.9419855543353917
101.84297835398158 0 6651.814148168438 2226.640689999665 3.1622624070115446 4.41654921046707
9.441237318775036 0 4865.431786769612 9671.560591502304 0.22657771541364113 3.656745629670397
58.97934936087647 0 1916.4650677715788 2539.759825485305 2.5555669886966346 2.224320496442796
5.4601885734160165 0 7188.179459371209 6734.894025552992 3.301872277227475 1.199765157710131
3.1026819202863916 0 3100.121037371091 1649.991813170496 3.0324023327427447 3.1952715853297677
118.70792069846662 0 7837.358125507404 9886.66991656758 4.691213673470415 4.525317073353308
44.77729881366208 0 3370.7829755206653 5003.575164254049 1.871333313326296 3.6924130101502985
77.56573003257867 0 2372.682053314815 4484.80303929658 1.7380520519087594 0.03286825698337048
84.52011589251889 0 3878.093272343921 605.9329903594535 3.5384636608238873 1.6825514093128213
93.4693022306627 0 3921.011149151332 444.06284524525887 2.81559509640467 1.924425441832271
29.245669777927212 0 5874.478952644086 6533.7152751064095 0.3861383732795054 3.1176192467626205
17.51738860153947 0 1801.4338012646813 1241.4386194949002 2.3276729175866473 2.1598642595891935
90.93139725081664 0 6165.461649521012 4263.687106359626 0.9194427865078741 0.5339961890948519
12.707180129159346 0 5589.155733263332 1235.777102403084 4.371227758895445 3.4682709421780307
55.86599585982697 0 2295.7971901405826 1448.897049538206 4.737847754628884 3.2174534154205805
103.85124730027404 0 4770.440744094918 8137.8088162498925 1.4979199540653938 2.4369168840547366
90.54496610846202 0 7295.2677704631715 1079.5913583614936 2.8367675884548618 4.273365159551709
22.23315634684194 0 6816.12939326543 200.6230949682064 1.5852331351965876 0.8970339821643891
96.65387509488606 0 5454.852689381482 3549.1370538045708 1.085380877046519 4.378054955468393
112.43569679421705 0 8832.392531270121 2888.4159976464143 3.942815206119226 1.2905252537547112
69.2576418706292 0 5969.640902161543 8559.337357248605 3.2834614701744846 0.9639182674861357
6.403256154745336 0 3793.9141019565513 3399.4620871829306 3.0946103078884364 4.767355166758913
13.170087005851494 0 5082.287952093737 7490.786467622848 4.873600821456812 4.726152538428229
99.17358726717394 0 3266.313453763201 4003.2294952947977 4.70888805437872 2.8453735939823233
117.40038948635556 0 3749.489321048052 4845.869442934619 2.7002306133012617 2.4907554111162096
88.98954911732913 0 3517.871070387577 6851.068831606336 0.5382175611791179 3.9738228208872597
35.91472509523884 0 3890.7272291698405 8998.611596604691 4.991804073205495 3.423509925652043
67.95218580516406 0 654.5773706514645 1412.9463171349776 4.364455217620585 1.334463965890248
103.95832557218176 0 3504.005857842316 7129.163981267421 1.495880161721606 3.8721502943779917
45.92984749918235 0 7350.632830110176 7131.526485007471 1.9176832232449448 4.821577861144623
111.82857768643133 0 7255.821193225851 8050.250112714495 1.9550198963703447 2.218447015644438
52.09968515250806 0 7978.77419839306 4193.717865994202 1.1319533004372233 1.8027208591479438
15.657672934849828 0 138.54945760779614 8969.220164924336 0.31665585432044674 1.089702885822571
43.105257373547566 0 6403.0462514820865 5865.587347867458 4.940764521525071 4.399075990835452
14.588818183101026 0 1134.5532147883885 8685.754458742906 2.7882899634425815 2.9465883786266076
15.286743155009658 0 8608.633094077486 3319.1780539420024 0.9470072608190921 4.088714474081059
73.32319361018253 0 1175.973858783913 8847.128143749016 3.104113883347561 4.271686108210502
88.19637992720477 0 3931.5331132661568 8486.620122379063 4.231772358688098 1.131175975418484
68.57863229796898 0 6157.244900146174 1022.6008095094286 4.4743335459226765 4.1970733082293785
74.69440598548768 0 1279.855996985777 5078.359501679617 3.7203529788654017 2.2266692718625523
25.719783186719955 0 400.95936284294754 181.56208994045465 3.8407551763841608 2.256158928168363
5.9012274611868145 0 5127.780222148493 9740.410995778067 3.54736873088462 3.3646979146261966
31.885723178716418 0 5312.698865460642 5255.560219791591 4.872534250814108 3.396987447805195
52.41648601086481 0 7249.137412549822 5731.704969963508 0.9979338919091835 3.4674301704055432
44.10121126684631 0 70.66610290547781 8549.716409780143 0.013261791997348782 3.462222092789097
57.56396937468922 0 331.7236844977423 1800.178192428883 0.3240681516499583 1.5041794610958164
29.654337198523795 0 8091.346764127483 9447.974077538676 2.9061469755616325 1.8866834904928704
59.964482567607526 0 2665.466998829853 1424.0294944523434 4.671741069568974 0.3017349651397355
46.702344567653455 0 6964.209122025955 3825.22700579496 1.0431781042624078 2.112999399691863
37.74726616123005 0 6131.660091226508 3480.3882026247056 0.052410884958751236 0.13187278730713292
22.47938553499427 0 8930.808511087944 1782.7853128827699 4.09545260537804 1.4669202499624479
82.3486689258506 0 4037.9904046501692 6059.3865278421845 4.702398209526699 0.26566652908370014
55.47696737470818 0 8294.932164149555 2777.585210377801 3.729813847975052 0.5521285858737335
21.594677684568918 0 6775.018955379763 3002.4687298024687 2.1508419605165923 1.4584964964674114
84.029589454555 0 437.78075612621035 818.2148159325598 1.7673934267620761 2.701677172970154
73.51497952156339 0 5822.900753917634 7934.484780648156 2.9019325243593115 3.7360564293687055
61.689313753302415 0 2287.6587481601227 2211.992423290835 3.444153168932494 1.728654668147302
30.516253582658532 0 5057.172622255641 90.79186026755393 3.7550459619229826 1.3517270956397125
53.10586845309005 0 8047.3318513940885 3239.8981059111907 2.217586195027424 3.3249132477437557
63.11091562753977 0 6614.827651420772 4744.881048212917 2.217356873384919 3.0150355309236594
52.68370734517051 0 4378.962789160889 3022.3837153050213 2.5818289140819086 0.9210458151902989
80.04571993959117 0 194.61600250232803 3941.6589335243634 4.875211143986184 1.4093462766171938
105.48482246472486 0 5265.4840765296285 69.89108656080157 2.389590935166953 0.9695591566246287
79.74290063429636 0 2745.517942076353 4510.379836725209 1.5825250365990506 0.3178782245843953
14.958226718135881 0 4269.488685388697 3572.1581309257554 1.609047843936291 1.3777632295249609
19.488858090708103 0 5937.185106637101 5543.614633643878 2.2170121333901553 1.7130353714145934
19.791355299165133 0 8747.654634282042 4683.540603262325 1.7118065938001932 3.3568841628167623
76.82340224862072 0 2341.3129729168104 2889.14666372173 1.7340629826983482 3.652348002912651
58.22122790249833 0 1882.4473942095299 1732.7281450522958 0.819308472321979 4.679567570693825
103.55092443047403 0 9328.293107226742 5888.443876252899 0.9517193165462556 2.6520694050957925
84.12494933089063 0 4683.086095646033 4735.054016452391 0.5671226510187755 4.859239706916652
26.717417143499365 0 1668.5686416639778 6380.3476460907505 0.8640954893910707 0.8095070706334695
59.86397150744393 0 9127.276840311222 1041.51040093982 0.9500547990769631 4.711930480696606
66.37954408653282 0 817.0027408433333 9866.770020192576 3.599544125020053 4.694942180998036
72.18734130364189 0 3730.7856978230316 685.2453084188126 2.47934560096188 3.792420473247644
53.22884881057788 0 6417.077025591452 4128.461015611101 2.5047933853935427 4.436946058248846
27.25293551947076 0 3310.080512833433 2265.0018113756164 4.9031257316576236 1.3270583779249527
30.388032113172482 0 3664.470412274777 5544.334795884056 0.052214675285657264 0.7228058200042342
56.86729339322078 0 9049.806343199869 6148.962828762912 0.41084224020833005 1.031399467708129
34.31910620906399 0 3653.9635401007486 5060.169201865346 3.6089181139559945 2.592557163658167
111.59812860691412 0 923.7354368940598 259.84492558137174 4.202276594576221 2.686267086300467
98.66839448362121 0 4974.197207825354 2217.6265032943543 2.538484716480684 0.6885830775687668
80.94900927403987 0 1472.035371790812 4050.420182032496 3.6898298955834004 3.2237324203598487
77.94137224741925 0 9123.930179876414 7845.416109768418 2.716879167290137 3.866790702378202
107.83314751018013 0 6953.468623469657 1583.7159611762609 3.6193874969096114 0.9073014087211817
42.634050041092856 0 893.096475326598 574.1162286587653 1.496438154585179 0.33666836643655607
13.353369298425296 0 27.766974880095717 134.4214765217422 0.7570307559508938 1.1079723596795654
97.40805302970072 0 7842.726079098528 4201.431443170865 2.550718889714 1.995447545951643
91.82402671391091 0 1221.7294208368 9843.481439845273 1.7123857043852497 2.7149094565369465
103.54543466724122 0 6734.518160243412 8905.09958923607 0.022143568571856842 4.165289855878946
99.60524309555161 0 6442.234263692019 9620.111508981086 1.2516639423909122 0.7044411080250801
23.476832124688805 0 5363.548221599403 2726.674659645 1.5885520748719772 4.6212613880878575
117.19781895617368 0 6527.600805576819 4286.149193307776 4.367362815184721 3.9980488724177303
65.35208740264002 0 6131.174808297296 2047.6505475246 2.7924736965187384 3.8977967856682474
117.75985088571565 0 4455.66544020511 4797.670597603277 2.787961332865785 3.4619249064180337
21.34071107296342 0 9279.34191886582 3878.590280469194 3.11872790046909 4.565072200359699
70.42915454356539 0 4207.214792269925 7057.772354859734 1.0669649199430213 3.0780094151185717
48.00438919545361 0 1620.517294272472 6448.94904584346 4.7061463904211625 1.3228825119233316
94.97109469602111 0 8285.996167846783 6796.934706742214 2.8659974318688852 4.376551704775634
32.237716213139166 0 7959.901761817144 8664.885859714932 3.1969420564323707 0.3835668437075962
43.522558754628136 0 7548.0600319453815 349.6322660552498 3.7043082909638554 1.564293538010294
79.05185211697295 0 1185.3565356841477 7536.839619023156 0.04437631903177641 4.294959108313959
79.98901141590777 0 623.2333651289035 7975.186794234484 2.4398458554803435 0.12580462239148382
89.53693803119857 0 1072.06991788519 5836.752122691646 2.852712261052222 2.008974271029378
34.149902393535264 0 3052.1317425055518 5861.697648186585 4.504940038917892 1.7334158682438627
110.55676361216877 0 2535.498879506658 3968.0109848652132 2.147080291946453 0.18410756750630475
115.30832443789382 0 9765.534484207252 8264.784913879443 0.39339986265102156 4.5603974262722975
99.32830220283003 0 4578.996812199578 7641.492083304967 4.980742650247262 1.0584872814400086
51.5046759136503 0 7840.8218852988575 7963.490915088558 0.1342335333533573 0.34327905459333174
49.063524225298785 0 6492.641354851538 6255.253167064932 4.962039889298374 0.017134581736185095
32.758049821072 0 6499.208399892663 2768.289129609002 1.6926825954216569 2.9154940818412616
73.82718917480983 0 3300.879835846703 6477.386650828407 1.304112805060778 3.068560517753394
34.35954303848586 0 6068.461749294527 5654.87473437731 3.5979265052511726 4.361489609756198
35.135809186431885 0 8053.432486248483 9508.853711740621 4.7259902567442875 3.6935881160388337
70.98146433921872 0 8619.295549059605 280.26997424186015 0.6311250954748787 1.7382289512378613
9.592230606436454 0 6262.413477485486 6675.636828096381 2.3037388394222003 1.426161737564987
5.685914738936997 0 2507.992602147295 1822.913503777347 1.2159661215105007 0.6982757743721857
22.415592193551586 0 5158.109558870193 9996.502992065554 4.289971202133213 2.4175672801208545
8.968159666740643 0 6991.0697300422 2114.898100356496 4.82825022635198 2.3180956428189283
40.5397778256874 0 242.14006431295786 1762.5338737481623 1.8120319750404184 4.641036007345425
111.98511471329793 0 448.2047582820947 9125.141498801144 2.5982967068805114 2.6604279833817164
108.72276563888849 0 657.8923338024134 796.9154507991872 0.934256120853747 3.267565725042684
25.026106253783947 0 5383.646308861263 1885.806230158482 3.7917862707402494 3.285904298081242
67.65753082504021 0 6011.352639157868 7897.487276127298 2.0779890143954116 3.4921611360592504
103.02842206401046 0 9913.198663318431 8138.488370679563 0.44148932067332225 2.8921336881808015
69.08510634068328 0 767.5611987930886 4376.904528343111 3.050946945856427 3.699494973967629
49.83044091951964 0 4268.56645031825 3986.230604009182 2.6308192060006115 2.6872601751640692
1.1298203332141796 0 9526.596193554036 2175.4664841888425 0.16096952067340464 1.0165279887973355
69.94439188536734 0 5972.673535246956 8887.842508282372 4.5571147938566305 3.002459017340116
11.762825986301603 0 7557.618012108228 3344.1333527713023 1.7156499714609024 3.5442607100809975
21.08637287914859 0 3121.8892315339995 6724.628110965254 4.420990733432975 0.2185594837280308
84.99241217502383 0 204.3091592141555 8493.67082549616 2.747892009404427 3.687913318889839
10.921909250106115 0 4634.217246642027 4490.047618990349 4.606478616204667 1.2249988747621743
92.52689541220236 0 6095.971577924727 3628.0479226253606 4.055741274782416 3.224739278074642
55.151471336957734 0 7108.447411812574 3004.961992952251 1.2488223682082633 2.983610690280376
116.12520018479778 0 4532.388720998515 6129.134048585629 3.6427777885531905 2.306634525495222
8.856818262842301 0 3709.9885530101096 9647.57013566137 0.8407780488053879 4.443900939283045
92.91998138473359 0 9727.191339447303 8449.523316233372 3.2665233783009846 4.357815655795477
63.74398446261507 0 8164.232586908001 4336.508060012727 1.3247637677282886 2.7690859919591997
19.320508093007856 0 5162.861651081103 8677.283671629626 4.245894460257605 4.7014074918697855
61.524090474819225 0 6319.8888299345035 5003.740944791807 3.519675797883126 2.634055277080094
91.8111119202511 0 3620.9341729108414 5034.312977866289 3.7718950727523537 2.072940435510884
67.24171784613822 0 8739.996018326297 3653.2895201987203 0.3128170570553268 2.299005646063839
28.215681394787097 0 9033.798130000981 6294.652242077305 1.4571757451137468 2.1771553229251395
23.963285282386714 0 1578.5794048357627 7689.8946914084645 3.926213989999529 1.255299786989446
84.8207754483665 0 3202.827874296299 3383.712952383626 4.851583050801832 2.6038553213754376
101.13276139134841 0 6080.974482873943 6115.653772152814 2.103573251706055 4.663657614650142
93.15976305500376 0 4038.6617692365026 1331.8595091234943 4.061427366696517 1.5885630326371125
7.162290435604596 0 2245.3910865180414 8108.528718245614 1.4684428551440554 0.10055063555560184
99.42355106743442 0 1454.8641852210665 1821.691834776733 4.468310702928565 1.7424376100711392
1.9639044824027923 0 9632.287752787339 3608.272347863324 1.8548830428604268 2.1287614447075107
8.618164574377968 0 8621.123988039486 4364.596713695693 2.7454489305464054 3.940600858143233
4.797630399139209 0 5162.576761978317 9888.117441616525 4.844547647979054 2.737819574326292
6.7627803914515034 0 8721.824595748481 916.580467338447 1.2187110923897249 1.865439177054546
44.28990298778331 0 574.798228381741 6043.359047260903 1.178740192766693 1.5885517826733397
6.036496213685948 0 2424.035859862973 2169.253856409815 2.408317979972045 0.080101700920715
5.034023184589423 0 1262.582224145412 7005.619687552245 2.8166135314194882 0.7585247921287203
8.925904231886218 0 3210.150982910479 1920.0524507460016 3.961838145540668 3.6206088341145213
33.307169465874665 0 4479.242890078173 5137.005399850736 1.9942497434456286 0.10027802828922461
12.221474684670737 0 9715.751473746239 1523.255055811852 1.2049442532626453 4.968243656739954
71.54550451232349 0 4768.026630104853 8351.948648674976 2.4737590530715208 2.1053658898108862
31.214643625144262 0 4510.073477541759 8230.741103062315 0.16055265470135083 1.3683767638125048
4.320389348151544 0 8273.009389440509 3751.9099264562983 0.04169175519658952 3.9531715644358574
53.368142122534834 0 5049.594214035891 6534.345822957141 2.0305325262045186 1.073883684770795
17.75379490384253 0 58.555338862558145 3830.169002295617 3.50430431078805 1.983127746384488
32.21382844274604 0 4188.764769353978 3054.415356075797 2.0505054514221066 4.6506129223440205
103.86141356715659 0 2462.452221777398 6956.5769871592 0.9558673888629088 2.797495558662754
57.9763474765315 0 677.1496906371666 8863.576210942883 3.7977781219392908 2.0285714764976253
115.52114616574656 0 4323.074878248453 7521.055828742831 2.191417881225401 0.4482678424891645
108.99856928682063 0 7622.47082458705 8480.989421225078 0.5441747206515113 0.2842119348089356
20.29580636466006 0 9496.910933572808 7826.659678384284 2.4522404930905757 4.087662561327992
17.698971457113046 0 7276.437699134204 1669.0875560636875 3.5867180203219324 1.2898003729153706
7.223215898689931 0 1843.1625811344254 5813.356590413526 4.02142093993432 2.6989878550681006
66.67282470368738 0 7867.885333185159 6089.147442498202 0.6559821995403398 0.5534656486616041
29.063150314745183 0 6983.3264678833375 2438.5247369393705 4.0824145597890045 1.1080302806829252
72.21567158348346 0 9219.88447907157 5478.522628870608 0.22602582622428924 2.4095823301950325
59.01606098657481 0 1847.761670203526 1132.5866702425747 1.3097177886376832 3.959426057859426
82.11221142297309 0 2349.207944944961 3899.540307318057 1.1485386065616061 2.182523202895579
79.86953162386949 0 4179.747990830092 2442.7891097246093 0.38870680022303816 2.1962042184465598
34.60693951911589 0 1258.4397657518255 3049.8255062888393 0.2520484221417346 1.4779274154886457
110.44794504203128 0 3881.0217646506962 7236.117867111571 2.0993587333282133 4.613226455981991
77.22539374801653 0 2932.5890127560297 8038.136988268153 1.2174240552529918 0.9594160090552056
93.18421679064757 0 1929.9674921524634 5699.617174748913 1.2581798447899821 2.5702832880186497
42.496039432422464 0 6258.3318060501115 6306.578437890657 1.8835170199196445 2.1768797192227716
56.52390343854052 0 8073.789305789232 8458.201862243792 0.9836008837736943 3.4601816924017204
111.58658803174676 0 4098.3647921818765 5302.52574704281 2.043582771079051 4.3982917176098475
60.64969472990322 0 660.7431177866074 396.2708270250948 2.693945366081584 0.9218244256369967
15.04361150600941 0 3154.947441901551 9806.615905611772 1.1800177932722011 2.2793119482844237
26.134004472872718 0 5922.7996505224 444.6287824156747 2.4140618447455573 1.7194146840513707
101.10755639732577 0 8420.351123493525 1467.4454963213645 1.1840453815581005 0.9018079942552837
99.38955840872902 0 2614.9472138272267 7590.017959690806 4.51185214934701 1.8166859614833675
95.34337573622638 0 1715.5882065387063 5646.230951474134 1.025902328905683 3.45256929005056
2.581218993932717 0 3205.5930641050854 3815.088244828526 2.2484604479293795 0.9724277276093307
27.460041076756173 0 6195.840225695754 4383.87806666399 3.16910078707747 0.1791600076709432
102.46343556637368 0 1179.0334415967563 3063.7455984249373 4.235682714410124 1.3438551668458736
99.09654388950491 0 1731.4019719171504 1722.1577053028382 1.0677649438327048 2.1512220271424534
12.825814405223731 0 4602.571347146544 5218.325095095909 1.4831444642256886 4.7430482623706
48.0696599928086 0 5758.150339972674 6934.13655861599 4.138591685777505 2.6015911781597096
107.53641819052584 0 1388.416825565061 8251.012310881852 4.105819980129258 0.3101296700756101
113.65425511033693 0 5758.258000561775 6992.392720637075 4.52607676236527 4.742998268890438
52.83963172382628 0 8779.211437218231 3011.352283115376 1.5086552943956981 4.555540594486075
45.32165485895471 0 807.4525632022189 7805.366914721942 1.8216858979980373 1.7994877689272109
44.38560546401589 0 1691.2051848357135 9735.824741852733 2.2947514768382677 2.0562106125438726
71.50869138677237 0 9946.738386751553 1753.28610549342 1.709621282573608 1.1250660007987596
18.04958885182899 0 7542.358540021459 7709.43936366948 1.4188296309063386 1.684320542409743
10.06636256391649 0 3418.536540697139 986.7404411974335 3.3867859643463176 0.3733506232787548
7.594315923484589 0 5052.43020642906 207.66173903139284 0.7179234199447826 0.5509814489491355
59.72121863829096 0 9505.143235876316 8695.219416181528 4.0716535980777975 1.5482649830193056
59.165094263231865 0 6714.57465975953 6759.302360911223 2.783390205870242 0.9389557019454597
87.20145887777437 0 9015.678358876365 8862.787347479987 2.3445367463998323 3.150383171501864
104.30764983966282 0 9843.055579647937 2104.3278307770074 2.5565538236419068 3.6227187401636125
58.988567351668145 0 7940.284749698189 6037.91445492472 1.2882148174009822 2.851266180168517
63.7551324803434 0 7288.620762330778 997.7998228021512 2.904695112609218 0.47794535585285014
2.1529095211686733 0 973.6009110852739 5534.751340353806 0.2711447637201331 0.655598228886391
86.61189329417391 0 7399.8464953482635 3448.3076879193077 3.5064902885244327 2.15892942845469
87.64828753495026 0 1546.6039971372647 9209.704555320743 2.847157535574821 2.5299946405845812
44.03101888818243 0 4414.54947089234 6955.367348546215 4.5821846498508725 2.0982611955350468
97.55838751365019 0 5905.525030642493 5275.003440233249 3.9904777358428922 4.253481484897209
89.12262510286929 0 7021.872084330399 4243.324033617456 2.97729556789276 3.6957124435897617
23.24683927386433 0 3390.941679563665 8511.551560756345 4.949842158963318 0.528776743656092
35.296964914026084 0 9054.318125043603 8338.483742300901 4.462046401509741 1.8011070541010703
16.373175949401965 0 5857.91401020022 8570.813068267147 0.3097653700659969 1.5687758747654907
48.32518403622451 0 3530.5422903556237 1644.0659366546806 1.9056171900007413 1.0925932071236581
50.9012429954189 0 1580.0925047966653 1128.8527664287806 1.8962475677636637 2.6814614366413942
98.23253779896258 0 3724.8448331183536 5106.9833338180315 4.26869924761964 1.9442850475580515
66.33176106289895 0 2333.5469902764526 8031.884343652062 2.2763820958002907 0.9944078500307779
53.68588006008089 0 4038.1233190126254 5152.225151879413 1.632254935645994 1.4096544548684786
110.97296227968985 0 7008.328147987538 7320.998237501357 0.8965671607544956 2.047387529093787
101.96575242888906 0 2181.3719374968264 9188.468548253019 0.4990105142538348 0.7214665164399436
81.69425347685757 0 1414.4646440394204 7997.249628199556 3.9680233977223938 0.39752621387593223
90.63025841177632 0 209.31002004247912 8969.651834863476 1.9078800811387941 1.7503017935633525
18.353019598617774 0 6502.57149384364 7805.405594255288 1.1375038395967145 0.3859495665785667
61.668733697296055 0 6975.336414567797 5073.404034529715 0.8236188083945173 0.19635877947068336
117.60092925372051 0 217.69972161982398 9558.113789822622 4.538445994792529 0.275401487815467
58.58970493335508 0 5689.751256736619 3907.4754429608283 2.18500181755698 4.427316045145949
20.455436466714286 0 9093.63025914793 4277.499311344247 4.007141361736841 2.1433173541651813
96.7803571515939 0 5248.08772510334 9649.794575992206 2.3313310850164966 0.7253897867697229
96.32671782617513 0 4651.455000411815 9837.784655500176 1.8264948007617217 4.434034270811124
105.02250285179103 0 6892.232916370027 7594.471437596977 4.6407971897505815 4.935270596607157
11.44034619003572 0 5559.827741110169 7659.944863319128 1.0519317270637045 1.0705017861496413
91.40944595026178 0 6927.871176602136 7596.4879605120295 4.805036115595301 2.726610411816849
97.72526782013462 0 3287.2120857984155 9445.529770991474 3.3713377712155923 0.9954033262025552
58.8170866862828 0 2296.8097210594483 3708.27215458719 4.1677355556841436 3.514437393838497
93.34709265131289 0 4720.971088653805 5223.446201617118 1.5685662170997268 3.7767372644458854
83.36259542049 0 6423.594234271615 718.7981993757187 1.3734385424271318 3.2135212978816985
109.67379839368665 0 863.3842948123738 8215.733345364783 4.504878301053081 4.250480987596729
90.01658679658016 0 9436.893752337912 3493.282524366538 0.7641133752737872 2.984397819371197
51.720829186379866 0 3954.3649112723547 5971.0952162029225 1.9545697222344 0.6836737318302089
66.45264317597938 0 6393.835328304152 8972.72344462785 2.7469636358166656 3.2699349750560414
24.928629156179976 0 7214.922053387774 3928.3180636390857 4.1057984855315395 4.331824993969876
60.03531863613231 0 3009.9805272464164 9681.921993591432 4.3838735334195755 0.6426193008540426
108.01210158944532 0 8033.8453130860935 2854.284784553902 4.6942285526451 1.3944141751251116
94.03361672451524 0 344.25823732045836 603.2386652892851 1.1452107199776247 4.962943028656049
46.94656607476914 0 3848.484213928591 5733.845627130017 4.595493864481555 0.21023577267180127
20.374023293973508 0 9717.099598749453 6203.074906401819 4.516378286197115 4.8323067653698395
52.18708747728985 0 2266.723017334331 6091.934729083245 4.597525966797918 3.4420194135857667
99.65295741221733 0 68.89593656039139 5018.494495136796 0.30529150699464047 3.6479129594598607
63.69014991685627 0 5350.010462858831 973.6334094877885 1.7962209346597058 1.6005784250990258
59.83088612181819 0 3253.0753859656193 5562.854215494908 2.441189928829004 1.385538788410721
10.146307473261214 0 1664.9620288710953 1953.5012323046897 0.863876688125384 3.5410088072053574
43.04973440737489 0 6919.826226622746 9700.56468673837 1.4162121711210707 0.8062870933319277
31.585670902112668 0 450.4083715100193 7150.198974725829 3.9247028695927035 1.739281214172026
44.098430089923404 0 5694.506911639218 3786.769622587297 0.4760408437319785 0.5826552645615429
39.58303541753208 0 9245.125047122661 7866.161594608343 3.059517446358822 4.041228274868867
54.08471694156431 0 5564.422754823167 2811.8207026159935 4.943705597542037 4.672383774312638
97.35310999688038 0 3564.9891665669975 6036.325288589776 2.875989854158505 3.4636883021417972
52.396432068139156 0 5094.473867969891 8209.08977527639 2.250342881593329 0.7680589554910561
52.07180071482368 0 2847.6033812758274 1470.2172902614864 3.497143730388175 1.6324726629067725
78.27498556467593 0 3812.954622961774 6913.117068356063 3.9462208821439546 0.25573879863120097
47.85324228366855 0 9157.49486265798 2588.5102903436787 4.5235329040208105 1.5268135338905209
25.09358350529735 0 3073.0595799044113 9820.717358123484 4.017911016911377 3.3810843262064436
26.90135405634212 0 1822.4494035938144 4672.005865184311 2.8771096746913 3.0113931809744967
74.7414042713209 0 5003.260743147269 7163.483938748758 3.7451018748755582 0.2087835387453174
95.9642444215268 0 25.637430970381068 1018.4393259046154 4.2384654805937725 2.6961320510340956
80.70797973134887 0 3671.4819625316554 9782.838764439593 2.3594773168402643 0.9437304882236847
41.78999455388122 0 4087.353485945092 5672.166592650363 2.1967217512454247 4.8402228720027844
12.770957096596682 0 5216.023214966839 2985.556656742654 2.0281831160901382 1.8713141514672764
74.1669156094692 0 4676.810475079173 9165.729447204607 2.2699179835095324 1.9827825806562989
90.1234412658325 0 5984.025240936603 8797.531599597132 4.270285867033427 1.1722001106691893
29.297050367943406 0 4686.90654876325 7885.886615927451 3.5229834815950714 3.280918379805941
54.753195959151384 0 7582.496470881652 1077.6073480664195 4.462200854188188 0.6427284244905818
54.0246371888941 0 2841.54346926767 9654.764426045027 4.808714194945763 1.5128972891060362
38.12068503897577 0 8839.698271253843 3697.9708538542122 3.6506089208440002 3.99688035398623
33.585413403086456 0 6511.271412334636 5021.970116803812 2.823879873000405 4.095875412935246
96.8271487357015 0 6801.724872712955 9361.275901971552 3.0530339769179844 2.110948973255481
12.94676299739233 0 6139.513027003078 4391.950473109536 3.054585484324848 1.7597936775503449
100.52602865010319 0 5009.946766672495 7512.9498844342725 3.504277585225783 1.4962886354435172
105.05270239489217 0 8525.47476236577 7250.5825294096585 0.32821488104600893 1.1752357697505729
26.356429969062518 0 8306.593718525879 8690.94788619717 2.20165362616002 1.181978768207237
37.66072302353064 0 8627.397627162512 2432.6124134230477 4.932400517132184 3.909382037325551
1.373777560379695 0 9284.102008747948 6414.66916969035 2.098306547697219 4.977177800792299
74.94684203667519 0 4647.733541838065 3425.0423814297146 1.6878117327498587 3.414086496695079
106.95138687478125 0 6132.858657056366 2551.2993915659963 3.9696964226122198 2.410695699955612
19.378756811078784 0 5242.254002212277 578.1602349410452 4.346471616538982 2.0952224436260654
66.5490540125492 0 4615.269305048259 4344.835277842035 1.1826632440385842 4.078152903296138
57.12371425294024 0 2672.2981014310776 2100.9209472560374 2.2243281785008144 3.7601863677233505
104.18038696785447 0 1389.1765317106165 2179.9929081927517 3.415777877803257 3.178289327323001
56.79902384752263 0 8330.885461818483 1302.2872514127648 3.254825310759442 1.668157295085368
43.60234449533145 0 5805.600361835312 6830.126329045321 4.852134244233618 3.606813874990331
18.99973351880535 0 6278.748768469917 4788.218784792546 3.1705922249931935 3.757665578344147
107.33572409508564 0 9134.553437718656 2956.0559969865694 3.595724180970428 3.0060284196634117
62.97189391586547 0 7704.55471246404 4706.007050230112 4.043147085353419 4.926628831007512
112.14754745872361 0 3922.3960454177354 697.1260277534396 3.0982873050398463 4.374559280678424
78.60372975512887 0 1582.0948112879341 2303.676808395165 4.535614374014493 4.955307996793538
100.2960907529559 0 6108.826210550614 4341.000721759107 1.2515337241100881 0.0528032265875128
89.4607946868279 0 4176.773154130846 9712.136270475143 4.4112493622484985 4.33555843366986
46.68325170897357 0 7657.706481458872 2918.8066960592605 1.0031072365996752 1.6279406813440707
1.6824388100866021 0 2925.7349956190737 8947.441226534733 0.5582909788914808 4.487722928659077
13.28933197812969 0 4057.011111080754 4258.250638717811 1.880879004823539 4.879433900775549
79.09370114424844 0 1567.0183419667437 5810.375077652129 2.526169229928634 3.465189128090836
87.85523623852153 0 8226.800908900503 9430.27343507295 4.200714263503381 3.98767433307179
108.19541538277161 0 2344.7991823106995 4514.022100634595 1.5200470744182881 2.2981060709811234
107.30656434862532 0 9673.512113107814 470.22388408905823 0.9296579857308163 0.8173180931403651
10.114441910283585 0 9271.376802868665 4838.715863907417 3.3331683921217 3.4491648261716854
109.84513782102218 0 1253.727029254712 5669.86176257017 1.7506077692234023 3.343921550174737
100.90335085106906 0 2785.2456400583515 9371.598745087334 1.739473681483863 4.085029572530316
107.0214984367456 0 3476.694246293636 5939.833851630183 0.6064875858789265 0.10711623106733736
4.167669515034275 0 2377.715573736855 4796.430231424001 1.6442540372875847 0.4665095302090505
98.48535513944692 0 1326.8455394398304 6454.365896016025 1.3729610517069524 0.2432123597831204
52.27201739819432 0 7732.973809546368 9076.184270352918 1.6125085091158264 1.2640260904358085
113.17089095051921 0 1338.5351130384693 4216.426911178357 4.803954006053407 1.6016889389705347
112.73966547021338 0 5647.385520223444 7273.159716119973 0.06282598252469851 2.3285326059657887
88.78919874893629 0 6901.859998769469 508.5263561316511 0.10256488277153641 4.194859158267212
116.54593479359283 0 1978.1179060449472 4083.338012359009 2.29155244287202 3.626330955756903
90.4616480912704 0 8926.120679046218 7561.259419933114 0.11092400882712627 4.798048473929169
14.144505121669821 0 3402.1822048748095 7933.958315025301 4.550766805527417 1.1913323178298114
74.81926505244765 0 6732.199130104819 951.0862883268422 2.938206096090255 3.5640471377297605
35.39305071834851 0 6070.762416015621 1089.7738640941234 3.732168700497502 2.6084142824781575
89.82787167270126 0 1257.9887347507379 3300.7935610845184 2.043243816009375 4.4002053099233445
26.33799663098971 0 7209.246959579305 9073.349789848686 4.148748176252445 0.30295333077749786
105.24900126773976 0 4908.701926761777 4461.835299647379 2.6890488229904053 0.5315685823468574
0.2038495245909029 0 3736.811604082664 190.91130309570326 1.7505528677096054 3.4366927597726264
95.5687790785408 0 3886.721172408657 2005.7364984400328 1.8546096774974052 4.386906685858357
57.08672326158893 0 1823.1247308119646 4827.759599022105 1.7631223753291532 0.1487777430807785
29.645535401981842 0 7499.518459108111 303.32630531117564 0.6253067844799731 4.366719447361835
98.29958290032499 0 2843.16391229254 8932.099667157703 3.984367564511123 1.096443872969981
47.91514023482446 0 9716.182870997978 4912.493447282113 2.006027240900256 2.1373170892500646
104.81281476255116 0 1134.640440147946 2804.9470752064663 2.137447965396688 4.892653092517553
62.91911837439513 0 5711.624485754947 216.18583151414407 4.046851047431469 1.0600465140550897
20.183327911373986 0 1575.9632662474744 9823.22181343967 4.219721167956372 0.8288302578347695
3.5181517349215277 0 6096.974461833488 5947.783947736834 4.91138787927271 2.3759346550870584
2.7182036272721097 0 4362.229711595442 9785.991912645764 4.396616414775312 0.7774562053205025
91.81579180238731 0 5764.285824831279 8357.382251472598 4.0117776695137835 1.069853519024111
76.90713878234655 0 1402.1484729187227 4440.723526038859 0.7425393720981605 4.775969615658847
5.61058282079971 0 2898.0959316999365 9548.18629186468 2.756605406470899 3.99677240611107
64.2887049043768 0 8472.727346476935 6211.061888118848 2.211259301967889 3.3889958237519617
60.58353181655963 0 5135.617068174553 6517.3733539489285 4.119652970363095 4.666984496770369
114.28038415366028 0 8431.860557015247 4336.237754536299 1.226050678748705 2.505157118683616
46.20588146198078 0 5444.408242812406 7064.710569818743 4.026516610409195 3.9961718737797236
84.34728969750599 0 8974.6652818123 8062.758430191181 2.265042367601774 1.7910506267431936
88.16228130084939 0 9740.305275678069 7234.297930692976 0.5726002894274451 1.1296118581162218
50.163647660487584 0 5177.897659919354 5634.674383862741 4.62920599130384 2.7177028839340647
104.71601331116594 0 9305.434582543041 8778.186830912036 3.471266712416024 4.838200540343011
31.74871435695084 0 7844.5528134139495 1387.5491933430762 3.8599620875392264 3.857959685070223
2.6772025849855634 0 8854.949890908803 2513.18216272851 1.9493270016265907 0.5672092384895311
33.76445238884698 0 9689.731135989607 9376.322408039337 2.076602937722673 2.010804054720407
79.25303935012094 0 9193.022933737057 1479.9382432348839 1.6575683143848323 1.7414963971147368
56.038984732120326 0 3241.763287085542 5747.072602801267 3.549053194394793 4.92991894545202
11.21600884278233 0 6182.781380657956 6359.562382068447 2.6889423041862925 3.007388533993611
72.98033066504851 0 1505.9667746738892 7776.911934225992 4.582448674412334 4.157662435394488
53.452851640759576 0 2637.0736927367298 7400.106823591876 2.2806153048109614 1.4439108768524778
107.78007993247745 0 7044.645299331738 706.1411251347249 4.43254197956337 3.0652391276010165
77.68677032901577 0 9347.389833670313 7973.5715347250525 3.0549609081549645 0.8076293628187431
83.52674342718379 0 8111.676098055769 241.52537799216333 2.676188831979461 1.5508487495891017
113.52317022213754 0 5571.86961078202 4817.14787911752 1.9256021062487934 1.9110746341937883
63.70604535504029 0 9084.556298089517 3394.838186865392 3.2474233646612323 3.00776884376698
15.448926361719975 0 8177.016415475181 850.0839500288548 3.5528554155239593 0.8477229950466891
32.64832013799229 0 3997.625161926914 4672.682357174864 2.243503349634147 2.5401355646924295
112.53312073657021 0 380.191578644048 9238.44000865172 2.2337773765653877 0.49803748157028926
98.02606658083081 0 223.02006960222997 722.0949170061231 0.20564440872720968 4.920245724947009
111.15500105975867 0 9370.675395494143 5599.453711194481 0.457652768460734 4.794448707680872
87.55280922228417 0 1277.5926631743139 3300.3671057969786 4.2113661863499825 2.006779931688651
29.401891026411175 0 5423.441876672862 4564.633381864558 3.72191756791473 3.688866054475009
79.32535065161218 0 9044.53900993559 6002.87956075389 1.7098481670861627 2.776682584135969
56.49579968853807 0 481.66199528570263 9372.40819769152 4.636223787860731 1.836413409750866
8.696502100696565 0 7100.742762395385 3029.0664957659264 3.0273183232329237 1.0150062245292046
31.747023846172993 0 5095.8315429903205 8411.756170532854 2.892279970035956 3.361726426660945
0.4911644908525137 0 9563.754040739786 6227.184305660756 2.8945044369479667 2.6354769632842
41.821827074660106 0 1620.312298548252 2566.6350452434995 2.1312467738079715 0.4093635588393568
21.664237273595806 0 492.82459971229486 3928.2362851693397 1.8920094788624446 1.7947519952986806
111.79991430446063 0 1286.9507121383506 1977.3803349185603 3.6550839371787274 3.5865244655729045
83.72348988967124 0 2806.006117917392 1034.7530789752225 4.6402070876528025 4.604590001917331
7.763108952932515 0 3845.6997603952723 704.138289016808 0.9053611216093893 3.7122125811657662
42.01914021741734 0 3130.5378700449405 8428.538949266102 2.996646580732948 1.9401440989747998
57.90266161122905 0 1040.758656661066 758.473833802722 0.39110367386153144 4.988693001907551
99.58075476293438 0 2113.2743597462545 5314.4044494790905 1.1863272654724604 1.6617519167989654
7.819845481294379 0 3634.630540676499 2806.591563687194 1.2596746437223634 2.4345706824965085
33.12715578169759 0 196.59500050708044 1632.1946400843813 3.4713907094219527 3.0731431439408095
5.0195218796261685 0 8060.611097688615 6783.9693817945235 0.310959685945037 2.5329441316479118
106.96695475642551 0 9637.393326363683 4974.462749924693 1.36830901647274 1.1839594359302548
50.742657291991094 0 8806.985411854772 1174.645841870392 1.6629877568851548 3.4830665629560995
42.03361322029137 0 8257.801502508551 9771.425996312813 4.2017375536744375 2.8461324483124013
67.64178597238319 0 596.5430647176684 8001.6145527399885 3.868158435028186 2.795076673088144
59.91536568560957 0 9163.578576198652 1488.1890384399799 2.035093036611551 2.933098617159758
108.34056484095358 0 1754.3083323025278 2264.7929608550444 4.35829383927909 1.2335411589296914
84.47856965133829 0 4998.866698016265 7939.2597688461965 3.404168479820572 1.3783008674029835
75.66517170792656 0 6604.933620382772 276.2008729988463 1.4471153204149618 1.2437464182225955
88.20659961036846 0 5919.001308400355 7367.18887642738 3.9274052899702 0.975348719688936
32.22233650327249 0 1187.1296897863904 3811.1322267486394 0.2520885020732161 4.841716460073695
22.47576728259935 0 3486.696298704934 3435.110278832946 4.874296123404631 4.690798697280362
102.49295267990205 0 9339.68771819691 8972.864757261117 1.7871305780295588 1.6904960391662431
70.8869128108374 0 5290.086140439536 3294.515939389814 0.7998885362401575 0.586681470021761
16.737252056224797 0 6190.124953484986 6027.2729037417075 2.437061213966637 2.353486110458294
65.95583565275132 0 8309.09392076158 8548.559393609134 0.16356564916344296 2.994368580619508
36.108898625201576 0 2577.1018612034145 5611.53115819579 0.06341441503671275 2.761701019555889
33.36260334216292 0 9998.693590725166 1749.316716219408 0.28686388964176857 1.6608417256074726
13.216705514538631 0 815.4465497773422 579.9865578143892 2.0832841963389708 1.5034484766906064
45.33287062328987 0 4534.549413723349 2173.9768475619435 1.5793465139848006 3.2468992760476576
2.668548865453674 0 870.5976728608133 2716.759775513439 3.2098408511467547 0.8311427832409468
40.86909337533638 0 8904.284455605943 232.0195837872874 4.275910048729937 1.2768620787116913
79.0729684393756 0 2703.645346770077 5481.409082745926 1.5444240548869703 1.1734189755997866
36.33727662488946 0 7901.986319190631 7011.8578827349775 1.5350680452373622 1.8185560011527064
42.924720210228436 0 9892.846205358741 1977.5829820213287 3.6614544868174272 1.9131467796234014
69.76674601069453 0 6030.448213439188 7999.372343941832 0.9718184403595787 4.044009172684833
70.88247903114731 0 4322.975990122829 2883.2195559261477 1.1877142419179842 3.585122697172002
15.344066211823103 0 8180.7434559160365 9210.259111740872 3.720962180641667 0.5644176450919591
83.54099206272342 0 5444.492735309694 1450.1630691022249 0.7546606647618537 0.37521432724241965
83.80304705390041 0 9902.40081900916 3826.6154801402886 4.612155327657338 2.8780034813296766
12.41013267560589 0 8141.542310370544 2943.3918045211894 0.049525989128294534 2.6322450499558867
35.30673422513957 0 4400.318940627977 8339.156259668627 0.014071106751035178 1.8164965015254608
63.2047550799642 0 3665.2517671573746 5174.120399179544 2.9332326360730745 4.5939442147318035
111.51747436291119 0 9159.088529743593 1320.5558219796942 1.8650387214552044 3.7786188331659583
9.411809470088684 0 5888.395381418509 4087.6752364710146 0.9212178546224864 4.319574540559354
4.478627877140458 0 3226.5750203092257 2187.41464091917 4.108356157666245 2.5053799681803817
111.28652117321613 0 5427.673430393222 987.0275333282951 2.493666207772338 2.978225630950178
11.219616999821861 0 7604.619484231989 289.71581674622547 0.9617175110582443 1.3715022967203017
53.96422059926195 0 148.14868272550186 1666.0379776281297 0.3132523283217581 2.001358513061332
110.79863295432767 0 8823.122726400483 698.0967315932907 1.0626545264715304 2.5167084994219033
63.79796498877244 0 6385.412546510738 4104.159982107094 3.3852687168380524 3.159208556403254
34.61413449053141 0 3111.3996356659413 7437.391600412709 0.45446771285757304 1.2462125976557452
34.64942701222395 0 5665.059281782214 729.6570466853248 0.34682353353852113 4.915360260625673
38.227126206523856 0 4813.728963737232 7001.617119842811 4.680780980542149 2.941455549163681
79.66077281592041 0 3303.394256710185 117.051754256966 2.2397739709251017 4.953097175735487
44.50658977575161 0 7267.312187195041 665.072547211265 1.4003108764794487 1.927409810299
59.19127753434524 0 6421.981127765357 3711.8533886451232 1.2627934017896958 3.3753811619275726
31.22933503550346 0 961.6190358641119 1561.9500911345397 4.9747747713682635 3.421243231218358
69.58818690856894 0 1503.730864972601 5831.518459211042 1.7658508025599462 3.962119212595204
78.37984232108619 0 8597.917479640864 2037.7108480939332 1.0937630773719493 3.301929951191121
81.95063777025909 0 3510.8039510468348 2790.847754825022 0.5061568862495908 2.4850839839957146
20.565625423390323 0 1782.093340225064 5654.574091514634 1.00716756836613 0.2750446064204498
33.865053988430205 0 519.9419625118052 6756.154790410753 1.712668868419585 1.1099978138049633
8.38904983154447 0 8086.211151026757 3122.526835271492 1.3675983443805677 1.9631160610110476
103.57153341940183 0 3768.683720897128 2140.3170891112645 0.9003060921266459 4.799707694030766
18.48070363227672 0 8369.001046715672 8492.149163281316 1.9536242639210037 1.8537775395730693
100.62931033595788 0 5472.881103136643 2272.6796897316513 2.6278365786691493 4.097647102229479
111.1701073206578 0 421.18976925281993 6781.642194821566 3.871935692614114 4.654022746922707
22.57176663810285 0 2973.549214561564 508.8553024214282 1.101785837267038 1.0847763922256033
53.982203837777 0 7088.534373954639 9984.57560692539 4.120965436376473 2.8114423947413107
17.966674149492434 0 2068.4685521935385 5690.922748137715 1.2688351046033146 1.4220612235188939
67.61346227468935 0 7407.781971044853 9148.841749792926 1.257319358886801 1.2936884351927314
59.5308851244643 0 5055.130286814442 6414.833581442522 1.561600765765578 3.2213716920805457
58.262838895753525 0 2173.053218161837 8069.328852503889 3.1528938324445956 2.544085772411526
18.05133192782992 0 82.41880256235513 4042.8241494551585 4.1651099430391065 2.102873373323363
69.35529268390455 0 8470.245921412847 5142.229722731655 4.629777296331566 1.257148490496382
119.2156027580976 0 3353.4177445066503 1237.910139870163 3.080466608641576 1.8553291454939198
48.71028731074699 0 4169.072393867706 6175.024714042678 1.1869733966773632 3.719883467244566
101.54314248065832 0 9748.564300107955 1808.2799471122103 2.4473048554698753 3.929435231962411
29.739422368934598 0 4630.54696628899 9169.452029106198 1.7168612707057922 3.4998248374060816
25.615983761122976 0 9402.57437319453 8053.8358331448035 2.1999820012059574 3.9641276548998405
20.4509962110192 0 727.6273370192532 9960.157337861261 1.4755735767004208 1.475205058358534
68.48168953693171 0 5482.997647705136 6196.648180450529 0.08942683138173313 1.5494807236241448
76.17874215597844 0 5635.837182018263 7926.817082159508 1.6545581096590356 1.6741669554435468
1.8157603630207348 0 6668.869933019975 7598.0422976573345 1.8812298411245776 1.174430706085432
104.27977743002894 0 6390.182135433886 2323.9946818315525 4.504216630457744 2.693651199714833
23.0869810971286 0 4296.130516523184 1000.0447772373866 4.569226588646964 0.5717703738346119
98.54519785239579 0 2449.0815610830964 6323.428945507935 2.7534286300185244 1.9459845589476088
54.931468507996 0 9859.464024145302 6270.8780443872665 0.7114251717103681 3.083303880262156
116.7570196031004 0 6711.251416261347 4031.0796596912555 2.455346875842605 0.7773130926326594
24.825103624408893 0 3179.7955157587867 9268.383485453229 4.944028665000555 0.7165796623440501
118.28892782851817 0 7493.759459269378 5716.301332039887 3.253114205112432 1.2832609161406194
13.46538912265343 0 629.2111872746908 7924.2540567785645 0.7521383093981321 3.3023062518909185
104.94405612880992 0 3806.3830322011772 8550.634212081986 1.5091368412508932 2.1537027511496416
105.6438554523907 0 1334.1029043187768 5433.3275038761985 4.838967785571895 1.3793236673235432
113.6708774997675 0 9656.466485342291 4333.322815269498 4.221008429077489 3.846909573729422
113.46991895180429 0 3938.8028649569783 1005.2019266620482 0.7672638274895666 1.9972291054975626
25.551439127972365 0 2443.432838110867 9721.662756908312 0.8890637280987029 4.593560769593035
104.41655935585358 0 4846.959868909936 5969.80536557734 2.675381240055316 1.8619145464862457
21.11652583376258 0 4910.875245904359 8328.213919757314 1.2711708315886154 3.9414162353306943
96.29997145385447 0 851.7614486124259 8606.760567042478 1.7109512425734592 2.311300370873912
89.80146288464013 0 702.2334815394049 5248.132827867874 0.2944770354109927 3.7559380508325675
105.46829589325976 0 1032.166763833955 8326.311320087709 2.383864119382157 2.7975537202976457
85.27868823405043 0 9389.518050530838 281.52759531768436 0.7796575876566658 0.9896496743484573
8.060815545220807 0 5024.1634276233935 8112.05121761778 4.574659052684552 3.0392587064605676
69.94650526719423 0 6424.7003015715245 3635.155324488002 3.7139119883606426 1.1423672399958995
84.32511696806459 0 8561.30367312716 8194.531085616663 3.711188322525421 4.807688567083281
109.26252205804833 0 7074.114310274022 7283.144060079071 2.6927945238330624 4.014441965262256
19.188673450178523 0 223.8351366794422 5606.445852517458 2.6129241921134962 3.6758334041930683
71.74463970455479 0 758.4187763176942 3364.676303859417 2.5907540424309285 4.519774512951325
46.25948661022154 0 800.1762622761355 6955.805380013143 4.824782673303255 2.393182677267282
1.7194900043383121 0 989.0039116828775 7504.657356510375 1.170934571579612 0.6694460690339027
77.91810266285569 0 1852.1724165227893 6753.343102807395 0.5896694879256326 2.942338941936222
81.71735304693487 0 8376.281587313582 3574.9878437940883 1.4938171604132107 0.4617985765514554
104.34163286907757 0 2189.8636334844414 7845.781836381785 0.7137800832469837 2.440890006726393
9.366514843744676 0 4327.039192513969 1043.2953550889868 1.4087104259450978 3.7429537039265863
78.12589446961536 0 4083.3254250580208 2491.95839116936 3.9519618295954686 4.609870624025059
104.54809280602139 0 7480.797291460056 874.2052071662021 4.292271952459107 1.936807024127631
82.04977231964055 0 8803.933959698208 792.8767341559239 0.8112994374856453 2.345641729640321
76.0678220962922 0 100.48486961282688 3582.2094824112273 2.7969695353122215 2.6746553245054203
24.948774343378883 0 329.2921610823341 5617.4518014098685 1.0487091745888943 4.450891428477187
20.328756893159383 0 5777.573151029064 8868.103563644274 1.6718724668172869 2.6484231439942145
50.41978686084357 0 316.51540204246874 6685.072382850058 2.364621099525874 0.3026974482856526
54.829713343355046 0 1599.6335969194254 7964.763030772092 2.745878832401277 2.1598573467314317
94.09186421008056 0 7448.658640210746 6272.6629057048085 0.6910683732906941 2.3329893679478957
23.475083422558722 0 8737.804180293797 5901.275998034918 3.0049763441451116 4.917536808869845
77.9573136227936 0 1114.2457960083518 1789.7317774005085 1.3255445576013103 2.9912905588221705
20.63429126312379 0 9606.753182234012 3851.669695520007 3.9897295969084805 3.076828229436799
106.57190432864836 0 6341.391238731268 4481.691443031565 1.0624722095264572 4.756354556104153
93.97507360633126 0 5201.7207157956755 1360.0539602236418 2.82508248997206 0.7480960122084551
79.43078018313798 0 2871.2538060635084 9823.559774214915 1.7648382536747553 2.5344715211342805
35.300917965572005 0 8886.221319258932 674.1040257562103 1.8322830811870627 0.5895699016021089
75.3513784652377 0 1571.0085833273813 6221.2678506875955 3.579968229208496 3.3949502367831115
96.75243157603664 0 1320.318233385387 1750.9843934490232 4.399139958874568 2.1432591986218896
73.23195426092012 0 7758.398450923254 453.6611799011203 0.24280937110177647 2.0541226868266276
24.78159363311267 0 9066.374916412615 5395.5020443639705 2.0304503976783894 4.875213283362495
61.57743739028164 0 9530.993909536592 7771.4762423189895 4.44491890580835 2.360378131559811
83.65637563013647 0 7837.1174232609355 6765.440971463869 4.0738599184309185 1.1302231450409705
84.4527653937731 0 4716.036894705744 3587.4737881782125 0.3357622280599648 2.3133980297223102
41.076552520275186 0 5406.839039426687 6552.076875529588 4.324761510472281 3.507442788827568
18.345528348753504 0 3074.83759211948 92.59246030857594 4.4092997856278595 2.597743962589027
16.932258452634752 0 8526.267552595906 5465.008203098902 1.1053876623326853 2.349610942952553
38.821656884312965 0 9966.341549827965 4731.982253976351 1.1855720039322142 0.43631430289391204
55.6988264006174 0 2124.653275861582 8653.694467061772 4.069666536649215 4.921539862215266
108.77617100635116 0 6281.019957940269 8197.027549043816 0.5486358711700823 3.1950880135581023
48.83926844661694 0 9397.849757261503 1388.302305258058 4.966579855186049 1.8497831979027874
4.139773367381515 0 3622.9249744767167 812.3328730658685 3.409133340219268 1.4522516604552138
23.449788251623442 0 190.69444006540868 4864.301930294314 1.3396231964043592 2.6350234998943693
25.96672763046558 0 736.7976172935631 3979.2505400041778 3.9837674358761332 1.3962533268968365
46.67043087126516 0 4772.539807912648 1535.6355182342197 1.2208505177466689 2.0279949590213797
26.100663776889974 0 9659.544033180899 1609.354707605799 4.951986769092787 4.530287979852131
113.42611265939779 0 6320.158660018414 8803.299523611204 1.3564936323775507 1.6405325474586334
31.488688451447153 0 1338.8158552299967 8494.601130106157 1.1480178724524754 4.642703229184757
60.81841007575346 0 521.7292899047899 3659.4154291606683 3.8529699155659705 3.7749334418435887
33.44857253534913 0 26.616171267511703 5027.925628692321 0.4106311997229112 1.3625780218382273
115.336058004392 0 6003.317896280077 6061.828219616307 1.0032806829581125 1.3970906900618503
69.38579904474074 0 8009.125202731091 6257.86714009472 0.44081733500381526 0.3750664283695443
94.11885849824765 0 8528.321092594708 1991.0350383610687 4.1451987855577235 0.8530519601363945
68.17578404672498 0 2012.1216710670376 7277.476581153559 4.999234009022824 4.788655460653064
12.588035314388922 0 882.292157607778 5978.506261418331 0.36556046475226533 2.5343204434264655
68.66960521127044 0 5014.297166948295 3451.093470024995 2.690863832251633 2.1390005029810535
92.36045835708586 0 8198.294764204798 4601.22895771984 0.28217159193963226 3.873591850028955
54.351694454203795 0 8724.804191435882 4152.590042745858 2.2447776643604156 3.011975214256137
33.85828404685293 0 1941.010655576274 7721.3741519360865 4.750132876990466 0.9954740911008297
45.55986474244799 0 4747.512350846793 8556.565001209696 3.810122971397571 4.560025135699225
23.34258331941699 0 482.0766782903396 3616.6495532907406 2.483687459808989 0.7828170203453616
96.25870761225856 0 5259.354188550146 2673.27923890186 0.9572633719416729 4.075251594896955
8.688431347826791 0 8885.344913648412 8477.270257585087 3.4808951180811887 3.090749778088206
101.29351704242127 0 8774.936449336554 9878.632428663082 4.8726546009512015 4.373114701000061
61.80618795820282 0 5534.544003594366 2107.57841156477 3.1877947804918683 2.3261735651911435
72.5223841068167 0 9878.51765449588 9503.2276146462 1.4414526506592478 3.1006789225745472
110.7917847844906 0 8375.857656179493 3900.0329261356715 3.025903349829448 1.0211227398035376
46.86381753218887 0 3369.7654878435314 6805.497798280754 1.1191750387259263 3.266583704742656
19.77104858217421 0 9112.91692533411 1304.3800603019683 3.223255581318036 0.8054332226510363
67.46590815754371 0 8462.177756360185 7839.0584155123925 0.0001714506265365623 1.8382058649989803
100.03006138986942 0 3758.96241757533 5812.005488329387 3.2821422434157843 2.7216004161735436
56.800704049651934 0 7817.332038403912 1523.7741876447064 0.10174172744621846 3.0946187896058404
88.13792901506312 0 8967.717620466887 9475.166128963256 1.1373687117768623 1.2368051730306444
47.14784667389272 0 2388.5426495705588 1682.3297555205752 2.4951574774433367 1.3727841719187857
113.70676682857285 0 5730.4033708137 2449.720637607782 3.261635034918827 2.4813477719465924
8.17679027787621 0 4589.581529384359 6479.975500489437 2.458658920173175 3.1507029069677657
92.06385094249525 0 5632.1834367962365 6922.127245085497 4.096575799463907 3.8273725170009074
47.99116875228043 0 317.7575472686145 4780.530017188535 1.1897429897017564 1.157471276346203
33.89697163571433 0 9538.149932239281 2147.896619700532 3.3848842609100265 3.826133150288127
68.14253763831374 0 7430.780806858799 4755.407089232626 4.875022254271343 2.095037459049809
11.579360642743627 0 3696.89852055481 3485.6077307285414 2.469407344011737 4.677153200731487
48.35292645925028 0 8290.318987228406 9623.906260732057 4.944428065279406 1.4070189712388548
38.18948487324077 0 5337.743619694506 160.3972101764295 1.211030630546333 2.950669049183868
95.97968281368387 0 7177.347340403 9827.377503911424 0.16595609844207104 3.4003350953754543
109.09059419889947 0 6579.441015631984 5674.251269135245 3.2079261246581265 3.898362356135912
102.05814888975365 0 5398.692161465791 3695.741818826157 3.765960133752273 4.913356472779734
45.783376758898 0 7745.925792170633 9342.504517137128 4.396146772199227 2.142789338753293
45.261616632743056 0 1025.040049302216 6964.660023551061 3.5880407360761266 0.6437293819281831
117.44493162170401 0 9875.006516338159 1876.254954747658 0.9775329029297103 3.077815388916795
