9460730472580800.0 1.98847e+30 31557600000.0
37.893675422461214 0 6065.489164602183 7514.609937486357 1.6779946459386708 2.7607762072554975
115.65090164892216 0 7286.514483429284 1126.3218775670625 2.8786120905390105 1.959555818958885
77.32733253434044 0 3250.1019713815226 7112.117549858899 4.518838528863195 3.473935337501816
87.41582342877743 0 7367.333744395641 4052.740802206457 1.7841835864164368 1.8874299636864367
29.949965425038798 0 4031.1373670738535 9974.220710232528 0.3235297525003178 2.128542459175417
34.049809003517375 0 8601.519129589626 5548.624460017202 3.883853036432263 1.968051627482239
3.138793371311385 0 9132.174501567228 9483.37182670352 3.389894064140642 4.941625308023122
112.5889576192148 0 3952.371417271885 2789.0348622005413 2.1322193040486632 2.934809770167837
60.5006189490296 0 26.66128688433078 5882.582944680663 3.423181424627226 3.4311997771188576
76.28644658436205 0 7204.326913300515 3497.010478586492 2.38823443828377 0.7380628753540214
65.16568000459503 0 5124.271100094679 2737.9851878901195 0.3413725699633924 1.3413535107338947
33.017334289091295 0 8718.07596903332 9682.540608760171 4.025896164523928 2.3821539415284727
25.37593591981314 0 6861.207582257144 3270.33803501816 2.9605989735000566 4.794292152777543
2.177816890543629 0 8983.302284236217 940.3085630755581 4.605395946502134 0.6570302300213898
75.43429627825073 0 3523.64975113847 71.90238687198259 2.2397878167341045 0.33509709907653895
12.796939314961529 0 2798.2704896044506 6259.088041390141 2.823987941060428 2.612037094833796
104.65555203590571 0 7040.124449146834 3575.034731359086 4.682727227688751 3.138801912082037
74.78732177046743 0 3376.4192759286416 6693.022872097455 2.9160284215167027 4.558260873995194
45.763647742567414 0 2354.292776239404 9349.055043619293 4.421381105795216 4.916732071668154
28.913668768017935 0 5592.094230901234 1981.7170306600995 4.3656368779203625 1.1634860782456786
91.58375628511824 0 9577.476328860355 2019.2885405258664 0.6814310239955657 0.5806275024027968
106.48620815588949 0 205.218433851595 8101.427341276325 1.9163372397111766 1.1459043628732324
16.109158937156167 0 5115.585824456709 9794.69444740084 2.8918659482891735 4.088988421130389
75.5562433306081 0 2190.357260298453 6378.803045811707 0.5981022678667641 4.441885854046393
118.49103375581701 0 1135.4943237478021 6858.186708117281 4.167975678412788 2.7032582080875907
81.41111205482068 0 8051.530094353427 8120.982494860047 0.5237324330713872 2.851549826042199
81.07211929728506 0 8878.015170444258 9207.778717470599 2.741655441318043 4.701210940072616
91.97676654639037 0 2879.9775949583427 4264.88151886303 2.6905754012683185 3.7079085141422703
102.89906170048171 0 8134.349864216978 3177.0286522065685 2.2650926343943247 1.2217181060594695
74.87680663464295 0 4695.787088992944 2674.3588280637578 1.9818691212214596 0.37862889245976306
107.83758087494742 0 8378.75965452033 5296.689900283101 3.296383727874181 3.847217365033735
13.382366741851767 0 589.8815122691082 2384.500519519562 0.9276856986831816 2.3855386478821727
48.827107298596935 0 7705.166124453385 5309.845497531022 1.0247972699605479 2.792553852393383
2.552959968858573 0 2820.523396495005 3025.875009202511 1.7605924950264211 0.6289367291961973
20.113748424294332 0 1482.7032276120556 5510.552309592163 1.9706598417714232 1.9150509148728996
20.298907415499215 0 661.5854407645372 9835.441714788436 1.6144159676577279 0.9713434982323699
104.11762348221156 0 325.2824799120624 6869.07706608446 4.679631929638841 2.9130685971881656
26.864199177232567 0 7716.176315444783 2694.714023851661 1.9683282707929002 1.6688687610227864
27.661439278115157 0 8425.983872632327 1992.8932585425985 3.0970453238274382 3.670124536977286
32.48524379886892 0 8725.210260039537 8289.706585901584 3.82696920071568 4.033204923604297
93.52337394732331 0 7166.420457576364 3748.388278974273 3.8754571030466383 2.6244676692195057
19.177899975640123 0 3735.6991644729533 7841.13482649604 0.5396663392209017 1.4975161747703913
110.12419016183192 0 7813.05530360872 2729.6278881748294 2.7443897784645515 4.214022111471567
31.213651342776146 0 6668.64403537884 8996.786315082956 0.8234124478801363 1.3168585908124875
19.7458893585347 0 1600.6664790862947 2946.711917627204 0.06851055069938772 3.119303615865125
31.165167372692828 0 5148.829869694447 4745.050540110094 3.065942712305647 2.9426273453985097
106.23783796784862 0 1327.809811845253 6589.959403505221 0.5196880334370468 3.603976306186844
45.721328480838075 0 1196.2371897844826 3347.408461449114 1.0868340283969247 3.5996047559928486
98.77099690107164 0 2526.541834297791 7035.58532811747 0.05354907970456346 0.9458910271889565
1.597504111604474 0 6388.00078976697 2765.733475526978 3.3492096972643552 2.595965963929591
90.64012198102041 0 8977.023166278066 4637.059083676668 1.8394609855578308 2.9684138233155615
62.82469104536104 0 7636.261172007761 458.48448528664767 2.6203383622143677 3.5036766886762454
27.390436055725417 0 6504.333487781534 3352.3909963877295 2.042938879437542 1.5593440149764355
20.845475828776387 0 7031.0010933268195 2748.3092443649716 4.166689556156122 3.4051841397352343
39.82712142254906 0 7325.596845919833 4652.908476787887 1.4950778674411624 4.494044898724281
33.14607868755698 0 9496.59628363161 8858.806977512791 3.6835375748983186 2.9896782639015433
2.6799610818689 0 8426.927055358758 3277.727959601052 2.3252922712767408 0.9470219196381957
63.29665292274575 0 6873.107324813747 6775.535325591201 1.2367709413167254 1.526410736158943
2.991721706083343 0 8913.225688668923 9196.994392651653 1.2612187676112825 2.438009557471645
23.44252187044025 0 9496.756852895438 8673.211571960213 2.3841278800262278 4.065100648431182
117.18333033945196 0 9931.329202160547 5129.785158604854 1.4542318455566678 2.5311986379638634
43.01962591254476 0 6389.411105790199 9864.980062143837 1.3054674197845628 2.164400063576342
61.850562902295025 0 3024.3943015928753 5080.164173838621 3.3700082034166057 4.644687520211016
81.92058662239602 0 2266.645688017308 4826.01531204755 0.8349309152965312 1.1799659106426437
67.76697071731263 0 2525.9785777722554 584.6507734397444 2.2556208517881773 0.0979562180995891
84.38092654412382 0 3700.4022472664856 148.33446781822522 4.858074291495384 2.0433926177660333
108.877460484514 0 7798.213713090157 2161.756635351699 4.614592800324747 3.610455583363513
72.63354575458774 0 7610.3597279218075 2558.8487611921064 2.8680183644478037 1.6302615069521054
55.883792976439004 0 632.0408312080194 47.458263274189335 0.9520351467479338 1.8684201987432725
20.804181249464015 0 9537.895042994174 3444.739604153151 0.00017253197462763215 2.422913778200797
41.81335518339366 0 4584.624539975191 4505.018513265017 0.07447507513794804 3.4074322223139997
98.10704463428797 0 7632.902927918865 5538.057351702784 3.0458831916254523 2.8643332703804263
49.377705852189656 0 1232.4787977330375 9788.633062657036 1.7681199416442368 0.26905690839608754
5.227692312358115 0 6643.667057110056 169.0073369203171 3.4419964462369768 1.9343928554671845
95.76020903398143 0 9914.687614708137 6741.794249163729 0.5001506411068618 4.942763125853668
19.570964211427246 0 2701.835422154094 3453.1979161733493 3.848141125451106 3.4502393762129095
17.255304919448385 0 5402.680968327393 8847.498019395869 1.6373110380640543 2.421026161066715
72.46200331810562 0 891.1021770235761 1715.7418602383489 0.3496043198838117 3.037107831730674
97.96253233408312 0 2129.8979722101876 1743.3130533562269 0.4816376889063517 4.219575560771919
7.0995682760706345 0 944.9360600756218 7124.766055769811 3.8495917031806135 3.6666887988859824
110.06687673026173 0 9708.224493221545 8594.738627994684 4.436919047613884 3.4671654217578274
66.67566728095824 0 5956.987800804063 4373.933079371635 1.1574164986320568 0.8326364657535035
105.94886161264856 0 5813.0509558527165 9093.539103763647 2.2780680289192867 2.290651761658369
5.499950469720301 0 2068.3855045277664 1957.6795985023077 4.352943955986614 3.333068180828889
33.5524291611093 0 3482.4887257098057 1543.6158146906564 4.8881962024190075 3.643672141198255
5.217572161058156 0 7022.467629044823 5941.697262975565 3.7404641996917083 0.4226193801113043
92.7266693039247 0 7010.423238553779 5814.87607532395 3.049541464688317 1.5885296481977877
22.13558048907971 0 820.060237224114 1600.3146108213828 4.4919782152487295 2.8224461187804915
13.999240654247846 0 3056.0729918142406 5001.0570318489545 2.1483356575055157 3.3706609246770602
58.05055238323062 0 3972.289578779786 9847.069714886737 1.7283312299214142 0.9708769549875146
69.64339429639033 0 617.9110354170025 9193.082160691605 0.644937518506401 2.502373012331404
100.05338175505432 0 4734.197712820073 3661.093648963026 4.909382146654963 3.1818977748735393
88.90090304651649 0 1411.3130012787733 7748.287599125032 0.673245235286607 4.70117861928655
81.03150742040006 0 606.3589889678489 4487.429902604191 3.2452969676701855 1.9497432941875115
110.7087111539917 0 9816.733057095087 8442.05094788084 1.7159449687503932 4.53575525074931
79.06198886932113 0 9252.220153797414 657.8119819395845 4.509874703069038 3.245599883331411
57.702739776329324 0 2406.7469727567814 6939.6864185919085 3.5750511976047816 2.771926421639916
63.614675874695784 0 9043.844113910822 7841.847282340831 0.8254397179383194 3.2966579502845796
80.82852954376087 0 2955.7407016961747 8573.184003880078 0.5503206225101959 4.30726929518608
91.397584317138 0 2689.05655512924 3962.4997966592355 0.7310220861850719 4.452663662171237
85.80278721149611 0 1547.6431571915962 516.4651502544493 2.156699331882779 4.606553035509768
93.71405278700242 0 4889.27203967307 709.7820081990914 1.1960730863622744 3.0610923718179244
47.088139622285134 0 7538.365289516148 7231.235196316613 3.2988761809138105 3.7392204965872167
96.35463047912027 0 2161.277544384451 7101.1652551204825 4.784751002924729 1.6320552035545606
10.914061220712622 0 7421.625210754842 9926.18836540254 4.263207303962066 4.643072293083303
93.91980450923923 0 1019.0152379090412 4798.704389326131 2.768536660251722 1.8538399020847312
108.8224532757036 0 8288.891502652847 1356.3099280840452 4.048120643493375 2.334018770982142
81.71728994046178 0 7386.39777594333 7479.172594575556 3.093032423334423 3.3114235960135434
62.2276986926884 0 3949.5179648389435 4496.33168811743 3.2921400431933527 4.664787429584991
7.939268068341764 0 5373.619906060047 2789.8744499991813 3.7731634628239896 1.9073230452647905
57.39147537066082 0 5308.941403635935 4879.775257364708 3.252349119749098 0.3777829516709924
85.80089589812971 0 5001.776139183448 1039.882065036868 2.3149807423978217 2.5285816568710766
3.5657844724122043 0 302.02097094880975 952.2215325814498 4.40646912885694 4.560524644635361
66.24875024277681 0 2204.7308634059505 8990.97307864477 2.3265154822260516 0.7953536333490635
41.40489099836337 0 5035.1969821618595 8147.379530299813 3.0965344510075243 3.2926065307385146
26.957270468738628 0 8532.341053916916 7113.493640696832 0.5078472013962421 2.4957484242382515
59.192289859910794 0 9667.12340324705 3976.020372863095 0.9787232574450805 2.022917269406806
79.94554018999388 0 6998.795231490854 8245.298566939022 2.132615593580108 3.0503640105450995
70.69042027353417 0 1060.6136571937952 8922.066875995726 2.8405372928270016 3.7037249933754977
67.28767681142835 0 918.5738799766918 2930.6580638303726 2.833059060071878 4.898894150627252
50.22064014549324 0 4083.733817198436 6252.611627318132 1.763729881066694 0.791220276929297
105.44898322350295 0 7436.3465293816125 4807.904115006007 2.2272380984519375 4.664454773749264
53.66971240600904 0 2299.4416043794 2400.9590079425648 0.7100202836739711 0.5807207828905492
66.8522848122462 0 7728.316640575871 9552.478213823373 3.279065419111886 1.3131134175441277
11.945498342754178 0 4495.371238620267 8453.279415273371 3.910627758224817 3.1622603703959964
2.1806479760504933 0 5664.743964262025 837.7951974855957 0.8637288667917631 4.536023386250812
18.611140364206875 0 7937.615833575778 4645.023513777929 3.861547947228618 3.119182635661308
50.785013164139365 0 1475.0347007252606 7894.4308637638305 0.32321736310411964 0.14516527027930215
92.58542179862695 0 4739.370387082926 5331.234833208291 1.3458776638878218 1.0303189881242159
52.78603759077407 0 9313.059905240998 7358.758405574747 1.5512008706141374 1.4318942420872243
99.43807518559949 0 6976.2920059303915 2531.513681224584 3.436403182585934 3.9800187380866845
64.82521955433191 0 8319.416588597707 8324.75225078844 1.7960343185765053 0.8366518478405727
78.65443638949563 0 5875.525969708074 5436.561870390706 0.786857648816417 4.742211705088483
22.132842626371716 0 126.44234164349011 5288.753385817958 1.8481552030468384 4.725639104587519
114.8105883216866 0 9908.173239900389 658.368502197837 4.1175369205213945 4.061818664124623
112.2585199371028 0 3706.549776730451 6406.15481563236 0.6000798134430602 0.33996908855846997
92.93328325263066 0 8279.545945013631 1926.397212811789 3.226416459916318 2.10702342498394
88.96624216552877 0 1905.2458788956994 1070.536848226935 2.9547223282347748 1.9006314251242673
45.32779311767038 0 9000.12304623587 3650.937366978928 2.329861418025806 4.032708617164014
46.29545839492337 0 7075.885428972733 5154.974367217272 0.5739295569095382 1.3090358265071118
31.45052663128412 0 9978.470242333093 8331.623258479043 4.354662615107997 1.127879050216618
45.534046169504315 0 3386.461078839431 6996.162288756656 4.419343660723843 0.47063292786947597
39.71767650595494 0 8637.744305450444 7343.558565073239 2.4815006609322947 2.994502314960308
9.823996540975642 0 3229.889694578277 7833.784012044545 4.744210420897018 1.4810189369533773
104.46137079765103 0 6804.1608089310075 1128.138723400719 0.011270004820199686 4.684573826628969
1.314015637071605 0 4809.337823248731 3580.9782162858896 1.4181137543082556 2.830727178864734
29.441508082072602 0 2285.7737385016617 9408.730388593718 3.9173231661747 0.5579050969523286
85.62990603459872 0 718.3651533700441 4810.3653011910255 3.7584145171699967 1.2065921209425752
44.0447395578887 0 7992.1913851339095 9038.400407605826 0.42340946015756276 1.8577490400023322
26.548069029390625 0 9882.10246606007 199.24520813068392 4.823162246610815 4.364545548094495
30.830517162138765 0 6993.7549105942835 6781.0730969092 2.1787190619007175 3.401225952302923
11.995012982183425 0 4667.000370162315 5895.503944818459 1.871288921896324 4.651190983990706
78.21147499041965 0 4330.07353986984 3189.5367590490264 2.263861033151687 4.540315843090774
48.90628522607358 0 8719.314426748999 6247.039455757198 4.43997813877259 1.3581841387354414
25.20502975737405 0 5910.711531083433 2610.0415267182443 2.750021218082871 2.5807209806867677
0.8751812401925886 0 707.0401253674663 1667.9201509989582 3.4383256817287084 0.14565588125147078
16.89966473287015 0 4705.1516668331005 3912.0453809301025 4.885773207768251 4.383020411738446
47.879992727383566 0 989.6877997563037 679.1281619229184 0.16958052668163026 2.684279973517924
22.613943424477135 0 6605.482331799085 2640.5941043976754 0.03621373426585972 3.3472424840019506
90.60002457176851 0 2761.901141228348 1903.521844436119 1.715793963412331 1.8002990792278455
113.39872672410273 0 645.8939747977277 2930.71863526432 2.2157528436496934 0.006920628263579753
89.60698524960706 0 827.4387730780863 621.9730835581039 2.1188980422433423 1.2079477793955373
7.923246022174253 0 8159.590171939456 1461.5046665439856 3.2336944695975745 2.855532783017087
58.82364575715005 0 4041.2883379411815 5724.322131328959 0.7587832638736702 4.80774337471709
54.45718219142818 0 8038.613848740699 574.0653933594042 3.3221872283607246 3.775043537781544
27.245341774588137 0 5231.642118384606 5131.587768794224 4.904759078293341 0.3148016379375612
77.52996018951671 0 9982.510144219097 9271.711806369101 3.7792882463056108 2.610804940878615
71.68410530861175 0 5725.093054656351 156.45818772228037 3.317425058517125 2.570566050318171
33.2499318139415 0 1569.5903171792236 2271.065908339932 0.7162585025662999 4.125503045267051
119.98015700952955 0 3778.4224328189475 8052.387953724792 3.3823209681806414 4.253841880046608
58.075587165757966 0 4339.975829482101 8343.597562497886 4.350929582996102 4.237429807269486
94.76864504984368 0 1116.4126680758934 2727.3815011490433 2.9714912577249537 4.930984561649413
23.80075462555763 0 5091.979244174231 3353.2150646832106 2.4800373901909274 4.311092374353718
58.010386283093254 0 2687.9161448483324 8389.24941843621 3.3273621817392556 4.164035913549174
49.603444050667626 0 7496.422893652416 7834.020919405731 2.1055973304521487 2.484323200687666
91.72387523685161 0 8326.626998620703 6306.596702649242 4.919733576812919 4.539944378735931
9.318762413426896 0 1232.650126774044 7610.943782114351 2.0458345789373222 2.7677285698542455
100.50596187953406 0 892.2511080460338 5947.735345170013 3.9192202771074722 0.8568518201191566
34.12853865813713 0 1999.4396241218149 5614.1313944191725 0.22746519391555087 2.0901399443929343
66.12787740118844 0 7049.3264735130715 524.4715505775577 2.277177915183545 3.7426525275340214
14.02876794990919 0 2582.4827728495093 4631.181321146622 0.4864631967720967 1.5293262571960882
106.79650767898147 0 3077.093768556488 6692.890495455614 1.9593243619401184 3.65192782869771
114.34086969056034 0 5626.165053930185 2922.4475405149774 3.991022124106312 2.9519098001659474
52.21516863197514 0 7701.806699205294 6484.780180955146 4.113530859941584 1.7678046891257138
54.22391068146785 0 5238.956626225435 2878.6086104150863 3.883752215560392 2.9057508703321893
27.502198261458535 0 137.88580291080766 3124.84653139914 3.0417200620853526 0.7616990429240211
30.467076341901834 0 1513.9148424345128 7014.364996422255 0.8693790139926005 2.214207655819634
30.554967498907832 0 1493.6681632874693 5103.661695209439 4.399936531656917 0.18180013320001465
81.28263398237459 0 4273.005855628431 4166.847657533877 1.5628213909707762 3.086143010731448
64.06287224801657 0 8634.194382677128 9659.797452117078 3.7851660362202373 0.7608603424758997
11.20657862863021 0 7011.65506280673 4513.527059974655 4.183399827886953 1.7780748306367544
24.547253300294415 0 7857.0398575269755 8011.036046890288 2.972392795731358 1.2543832319800086
42.295149584690016 0 2159.6521181479766 2189.639791519664 1.2414013939739843 0.3607671268498869
44.29402223323665 0 2076.4768382942443 9400.35243633618 2.7667884680470767 1.0763967225224875
33.24461320923196 0 9502.425741062692 4942.747459570107 1.0475515367150616 1.5820821658940583
60.88040229565634 0 5221.518132624289 7803.598413056898 1.769775029533851 1.0826803681404351
75.94818465676512 0 8769.075347785134 4722.402098850046 1.5224132263695171 1.9248315437923629
47.30138539413685 0 8978.966025924765 5904.8697295798665 4.901257744625824 2.974122266891756
93.94505484898244 0 7058.67325701143 5528.0085868447995 0.11102450003267705 3.6812340982942446
98.7045750974684 0 3180.3684378147814 6309.353222174932 4.730095476578092 4.659283657948662
52.94917790026469 0 1722.8629228680513 5386.082427187245 4.562158957004041 0.08069871124079697
9.093184946664808 0 9559.68976444275 8892.95273890582 2.1229287235073997 0.5216243777866036
70.25121473816226 0 5743.240818224434 9838.605626572466 0.8910720333375788 0.37087742182621675
20.701097350409245 0 1579.0758045959863 6564.534849746574 0.2974101348496372 4.654234352380656
19.934462419870073 0 4681.792437039989 4267.262005869553 1.9409394262275352 3.9246284413014236
1.6039887250327967 0 6481.012303885821 8320.234996104617 3.8434522762195678 1.8286456553403037
95.85137114330314 0 2313.7884629090113 5134.720525884631 1.9349128173869312 4.074539376759655
17.949436700133447 0 4860.359526525443 9221.340523245024 0.8268874712038649 1.5212643841577385
117.12919121708444 0 3415.8024795893703 8995.444129384341 4.510972151168623 0.0711015395866893
32.494148530099594 0 5815.224155154846 2043.4603443650212 2.097241978335878 1.0363888362297864
106.78561487887808 0 490.06238349473597 517.4342696052514 2.303452946033801 0.062237225001896546
89.66493809554007 0 7621.218417817897 844.1060714785519 3.1454443638763885 0.9386740392719461
15.848899378691737 0 6651.512714947894 6839.193548498998 0.11085968946017988 1.0363212376145847
4.072817269184826 0 9887.471681335774 6887.356457361354 1.0331848934951444 2.200645400606857
102.9285567006318 0 616.3431368406146 7571.819213765962 0.9390253271113214 2.3401966779325427
53.49775585460732 0 8956.019923402902 2892.7246061965584 1.6508079907626438 1.4622653459937196
10.44392867447914 0 9102.305906223233 8035.454698429965 4.107825282812702 0.05913909736732392
5.313393776884565 0 2177.660047584177 3780.2132195356485 1.1172866136620674 2.948550243692154
31.45169730165003 0 5037.340947449478 9497.862362847814 3.44636097719224 4.634661101696605
102.48182380160071 0 2507.726205412836 6022.8926236812595 4.787804316066716 2.5195508697051467
30.873975022020645 0 8019.336453545683 9692.908304857247 1.2114558022264021 1.5225593558707802
95.15918198030046 0 5292.746361290713 221.71362676369654 0.5184234173822372 0.2234291786093595
51.722281313244274 0 3594.742798573213 3608.982472631621 3.0143225698583946 1.9994999106471933
105.59161032717702 0 1264.9380349835772 3343.8204468199883 1.8103820083009419 2.8496830780900027
34.4499355086185 0 7278.0846388765785 6577.982868070346 0.11997272267977976 0.010035407562944965
18.833920904768384 0 2915.237892886783 33.763052023394465 3.7980440533028452 2.065886739263692
56.22958816171924 0 6374.262052159342 9989.436144855468 1.7351815080527606 4.271279439952813
95.9222516536606 0 5798.924161287585 8658.782253545101 4.480212457275703 3.9782102480449315
81.14126219312563 0 9393.462617460722 6425.592830097102 4.671890813568159 3.426504357255486
62.18525148768424 0 6317.580397558048 4559.31636252925 1.8458801591008407 3.2646768391797742
46.960278522336516 0 3490.9889334013433 8988.219048005652 3.815064605445306 2.868961105970294
61.673327887702655 0 4007.8819809225274 7318.328170897341 4.205888204138878 3.6373522238953813
111.65976779502498 0 4751.724235222394 273.30364885164715 3.0519573919954786 0.6412567172019878
107.8020845018687 0 6890.140491096122 7485.434087473492 1.1459503026618885 2.8392865733876023
94.57254765689791 0 2786.39746628323 4426.454182498995 4.473526303734024 4.463794428184457
64.61907716943229 0 9537.736761920974 602.152031564398 1.471347426469292 1.234203247176739
55.93337243336797 0 2318.9472305722725 793.989754790213 0.08473171627904841 1.0748699890988096
77.58918689989308 0 1127.2631793822907 5834.333885929815 2.2738247887130427 0.08628235832484676
93.02488940019664 0 1142.4251066141378 677.3404674084005 0.5541803648057236 3.403139081416268
95.89635938613335 0 4869.1835351983655 4558.924114068956 0.6702841490352807 4.779646164042858
69.81127526560755 0 8562.24781443497 3581.176695868843 0.4410231178320517 0.8475158016023532
57.25271522740367 0 7954.800501804503 2530.8034006302337 3.887187659410375 0.51444572824205
35.2667982844867 0 6462.53765581048 9528.50163662931 0.1954664022642838 4.829161151693706
67.20644594127727 0 7026.272788953589 4297.721597854529 3.926939144467347 1.967126545519614
42.64093894495225 0 9410.929212388544 8924.916640809945 0.7413897899613459 2.2924491367983264
107.63853735865227 0 7198.578339544619 777.6968710725585 4.391263928446322 2.921130978049388
8.225426809313655 0 892.2596491698864 685.4526142419381 0.9849929375523014 4.516277301878428
57.961706047409244 0 8773.564231064951 7608.485878848654 4.3978843224596265 0.144367174831026
90.81785616508628 0 2224.757066981319 4807.705009381815 3.3993264515204515 4.89884639781381
30.048417695735218 0 9382.575643858912 4539.606511074277 2.314225543836192 3.803960616383435
71.61878029739106 0 9948.677691553277 1524.7215705968797 4.537067559182978 1.7752250974052597
6.426739903113143 0 3599.8826293191655 5793.31270731134 2.171078374658629 0.3452484491975405
102.72940395375295 0 5263.258233108912 9770.89735733046 3.188087844495087 3.578606011723995
5.522310637213971 0 5023.655199017724 6177.621522153539 3.1123410001882874 4.052857838501207
66.18974006838617 0 7067.394591303187 7343.287433678755 2.52423482197696 1.5870611943282142
18.363827243113942 0 8132.311935090106 5147.559416523754 4.138069509715997 1.2652648165019271
119.11245528090102 0 1140.2755855945302 209.86277919898265 0.9075670846768474 3.8960965206455374
29.819804170676363 0 5962.790569697964 2021.3254133081105 2.1908038645492107 1.1416475410467748
99.00331979082374 0 753.3045689584627 947.9292072640388 0.832979300500194 1.646029660781256
64.84140273969285 0 1539.7024128245373 3372.7426875247124 0.4280970241300308 1.2480623936518338
49.801406023000894 0 4909.243418853779 900.4241464544205 4.552925979392282 3.913842040631658
13.628575413877325 0 3692.7645255649845 1726.3998602232466 2.098935004978182 1.8193883218415419
21.380826291437078 0 8780.184631549751 941.121994143066 2.3973351589345477 0.5104312958277729
17.158687822091245 0 8263.448841331865 7567.351262911331 2.3147307868069618 3.699483619737353
37.723182571367154 0 5243.579150684692 3514.3053889735575 2.994326632302455 4.566823981126368
88.56117278914262 0 2500.7858905998482 3854.1777645127527 0.7650267243551023 1.8561162556227413
111.91161408528292 0 1493.4397497349194 9930.524395767565 3.1639766755799847 1.1909196387574732
15.615153128871478 0 425.8666569527125 7007.626833240948 1.8888535938594697 1.4065012436441098
84.71860165170635 0 2643.3287984643216 3407.1232205771908 0.08135398737141475 2.8444518270639882
45.832484349828576 0 6708.321080177853 3338.918777701025 0.024869329349433422 4.40215308326585
75.64122876636004 0 5836.230573966082 4312.894242069583 0.6334476635877978 0.405851628168728
104.86915052372707 0 6522.119252234135 3048.4224024397745 1.7312900576784185 2.4436977561022144
11.201788468402626 0 9721.198115196672 8808.57105641765 3.2638085399397534 0.043920776953176865
19.89270402753764 0 8967.592436619925 3968.79877223824 2.162132387608346 2.571248824334198
4.991570447964405 0 9876.811059506472 8498.63443765062 1.93006254822141 4.2174588790965615
32.317689646699 0 6071.224899600171 4037.4351619535278 2.0175528148259323 2.145110544769753
109.58898423624977 0 7264.988938891807 4179.63976303396 2.460794780555873 4.718495413923721
95.12131738623066 0 9628.551913878491 780.1136258646069 4.724539785277012 1.2192531780073401
60.74499327271432 0 4570.60523624021 2746.714502192027 4.556439287979053 4.840191116916795
40.538436685845504 0 7232.981590475537 1914.1527289948644 0.3484162293272419 0.9494021883118969
3.410878069670808 0 7108.826948901329 3943.380555669055 3.134248821685852 2.562014341580101
56.38750283494288 0 6366.233688050396 246.35188730878775 3.938226636262053 3.3406463028614297
107.74962586145467 0 4615.206722292211 3604.698502994623 2.1661024742037545 0.16495707909627177
43.82615081280044 0 5167.834925401057 2374.443949510842 0.706167807635934 2.3877989485701354
82.57474564907814 0 3390.118706827486 5814.86103325621 2.4408569784458987 0.8524130365978205
70.28448851614792 0 3327.586085156687 5348.182487075488 2.6669882373392815 0.06266649428930682
36.52878124217989 0 6068.81347069046 4400.512511176216 0.8941804068412973 4.0496885311285125
82.70443951563662 0 3801.31624724219 2501.609939660844 4.5648231321267705 4.464702800718385
51.80419829782588 0 5527.554352013214 6566.268602879207 4.087577213650891 2.5850554621349424
86.59507524264511 0 8632.700599394371 245.311756933434 4.723807336297384 2.395832687471854
15.609386814425102 0 5675.860954311923 7014.939443790516 4.185190184478543 0.23503507757346442
37.38306660350483 0 9571.7814609273 9083.480407741818 2.7787522482219256 3.199243624076228
109.03021032730791 0 5956.147425956224 8183.378137634028 3.5613590197667273 3.4463297691245405
21.177063709400148 0 3891.253037744524 2513.2452002160976 0.30561104408566186 1.174355295015438
38.153322489259644 0 480.6023037148333 6570.156897760984 3.261739969808347 1.7843722082367326
110.71023969006383 0 5400.111721786613 2041.9061944229643 1.4028166625725969 2.9060681712085557
14.761296608026884 0 2006.6487187853133 8696.11194104629 0.9191947208009726 0.6194186157672049
97.84076113165568 0 7668.686428630937 7025.580024836474 0.66453762077061 4.399214728117476
97.96430859778272 0 1967.8404707502361 8518.617274507214 4.32609917470187 2.660391293972528
27.19433483850661 0 1309.0733849658143 8251.27983295102 2.862040351214267 0.5491156182233126
68.21586952604764 0 1356.1431979676852 9094.73421658991 1.4302232480120551 2.1772354303808306
3.646829994155132 0 5804.131155401645 1304.0165181547036 2.6008536840308554 0.39944356693926986
74.73951118378136 0 5686.2516264513015 4303.387368657668 4.045604247488122 2.6698059511497045
37.32124357749175 0 3046.155957743888 2833.052136217312 4.502139224329358 0.5189169727034837
15.037287571087187 0 7714.139691739315 5997.430995200629 1.4351487394649292 3.9096147349904022
3.5880582495381743 0 7207.514755674607 7416.5108987656295 3.5528031211763302 1.602213160560519
48.09193350388646 0 9610.91590659997 9385.454013213053 3.7926092089737873 1.024006608249422
5.578686870917594 0 9389.171813685287 2133.0393032905004 1.4059529169484386 0.12451977857776297
31.290139525066625 0 1936.412416089296 1082.111001528143 0.5790946325153923 2.0685606966270016
98.4044082975492 0 361.81909545128565 4966.91680253185 1.2623832149135468 0.46700845805675295
110.47150320031363 0 7195.779204713799 6089.1147318236035 3.3198562899707182 2.628705810489051
49.39728150142133 0 5502.860697483445 1537.63141413905 1.7111768312232245 3.9902694972155013
4.573811847766094 0 479.3038905106484 5063.540981839661 3.8434588682700985 1.8688871748955904
19.460023856460943 0 9707.821995258902 6373.5512144898485 4.184646578520422 0.9466348833795069
90.54585253952798 0 8103.214002582931 311.3100336360597 1.3460479762785242 3.1448697750244152
80.72903940867481 0 477.250833869568 4994.9900334763615 0.079805638169127 0.7515359908260899
60.35843473214686 0 5758.481785343928 8124.950578147119 4.233518702126473 2.6276067985336975
80.47189575489556 0 2762.3839321596242 3630.02627693088 1.180921658310753 2.0292604438197963
97.39155265739886 0 523.1529850400618 5885.869093278273 3.578404006943795 4.674476802700353
83.63592478639957 0 901.0552845378838 3510.0700500901594 4.402036615925369 1.4711339151428515
14.172367468887682 0 9114.326823815889 6584.442005773012 3.577546158457978 0.6213741062130801
66.91841097014188 0 6880.981247778739 7521.773841108371 0.08785816294251791 4.440743290677739
23.47029819211719 0 5467.257383718052 2732.5283408460687 3.226893403629598 1.8598906882617194
42.23593003204214 0 9948.059476941284 4745.748654313813 2.084674154046918 3.0696932680926974
45.374412196080044 0 4401.117334885378 6490.953749064204 4.894193711159463 3.621771506017865
103.62980143282037 0 7007.436936327065 7698.994804636443 4.919729172484616 3.829128722614841
86.51024461057324 0 8443.165861457406 6748.458124552438 2.245592726403036 1.0529588242867294
10.079028076856776 0 5026.186246807495 2112.870499478798 1.5587150770332359 1.682236444254734
108.29280776098061 0 7259.293287433199 1782.5340914427534 2.215946837662454 4.8049516073004686
29.869748423877468 0 7429.387801252566 818.8269381130542 2.5610749506198323 0.5334560070809635
29.840470668687036 0 3928.8789830428927 9327.019894519977 2.983168893045885 3.4047454900423486
11.778791405435395 0 5574.813883878818 3096.1171148070343 0.04565757276527471 1.1043381049844188
112.13877317085671 0 8974.154490587109 2678.451294515618 1.1714308481130469 2.704680721161189
58.96165583684923 0 4116.2039933439955 9515.528017660783 0.850623564602449 3.275037104112811
89.39598519751412 0 4576.280562826401 8690.098429808608 2.085581385726866 3.3393273573074076
38.61572762835969 0 148.1419731534317 3212.454299956532 0.49636489626825264 2.3935821070743306
78.82303343401482 0 5359.1034994548745 6588.504476503939 0.8105487855750626 1.5571050759322773
38.685420041397165 0 545.5446080057991 2300.8691573603714 0.7373332507803931 4.37619918761334
9.43542601528773 0 6181.44450026488 4521.8204970599245 2.3042113335981824 4.518598671760944
58.884704092127606 0 7643.9832772725595 9949.218364425022 0.23080911591494557 4.8405962843298305
60.658564531299916 0 9449.115429345447 6965.385287213767 1.2849421747957517 2.1495533462922007
22.248986906644827 0 1145.719375855414 9431.427261693902 0.15266219884045806 0.6953142317402594
12.657154017835289 0 8177.82238930589 1079.3195525354727 0.40741993475026217 3.045593847981804
119.38263550365471 0 9218.236534245912 491.8124874721219 4.500513289761397 0.07156621061662038
100.59044989743288 0 7436.827484079194 7667.660743439636 0.21635244000756892 4.08380310458321
25.245873975844 0 7069.441661863739 5240.714976079596 2.044088756765996 2.561602663658584
22.49514031136484 0 5619.73863552901 6679.723121040278 4.380905480271944 3.533388690938857
11.397646882144493 0 3177.7339370746404 7531.772186420692 1.0330750042740944 2.4505436799517972
42.62280813626066 0 9958.898048450214 1880.8324364215955 2.1927320329395257 1.488612435879944
48.667650010373634 0 7904.716936190468 8090.822397079564 4.98428487564373 0.9163077598098701
1.3442030146898087 0 1045.6592388312458 1609.1747214488162 1.0818851513793937 2.3352228877072303
57.018657560809814 0 379.7990949680141 9854.181746267559 1.6123319396527562 1.1472388848285975
55.07745705167434 0 576.906673672467 350.43066480128005 2.3100301213451306 4.982212209354499
77.97861953676374 0 301.8663822350365 3947.2327871920534 0.1389852690683746 2.4957558422232013
114.49727281455888 0 2113.622772631032 2127.114406156033 4.323581574241525 2.107092485282763
49.586094570147814 0 5078.238620422527 6071.374061909479 1.6804415597454703 0.18461112202740937
37.51794619297578 0 6612.342137518733 1881.3950949005664 4.978581710527183 3.253065864635242
105.40967856967208 0 7688.861686364482 4988.912771319856 4.359674661631702 4.518221704360227
19.306833091158275 0 2415.5330570929445 5796.784759109092 0.4286538695521602 4.921344334861422
92.9508465097282 0 9484.527001985229 20.123624128904893 4.58886788384212 4.008360001545696
71.3308969231638 0 6005.083799022769 8534.28064431617 1.7563869939111443 4.091573907068339
58.376103234703336 0 8420.681482722312 5814.805357777767 3.2392293515817974 1.6581124543868557
7.486366311325673 0 6410.073253630861 4939.111758984154 0.014145541351340829 4.00426863903903
27.835268417637153 0 270.4653718149874 1966.2355129503683 0.7299302903735044 2.030708184796488
86.85176027199725 0 9583.503028649699 5778.536672330932 4.213088130300787 4.690446422767128
97.32933334243847 0 4163.40481751786 5398.538902563234 3.527594209907634 2.4610929081017496
85.895688351976 0 8670.693934318107 643.5236461314187 1.086611794428371 2.8527901440126797
66.06915900491248 0 6729.224170642201 3348.935315397006 0.17999322686453656 4.858119294848496
9.427423101604079 0 1345.1358157057803 7801.479073681763 4.838704743776408 1.6964111863548303
48.39025046035203 0 6481.006546077901 2548.0670876841414 3.88651089537736 1.5763893169487937
21.34445861487097 0 918.2350996630851 4894.436759440075 2.546683443907096 1.3206016711657802
78.19133574693758 0 9538.759038879496 3388.194062903569 4.831871134722337 3.6051121213694266
114.3728253700978 0 3018.133349619285 5965.019403519282 4.340002894835117 0.422534634671336
88.67827324971005 0 5248.289782377221 3831.103425066489 0.40688969864931257 2.389748879072716
111.54229168638481 0 3836.4577265700927 82.01962673968222 2.229158973968175 3.6123352514461704
64.09064399600592 0 5339.049084443162 5646.54230394655 2.969621876747304 3.7834968272994036
86.33298912846777 0 5156.178098464343 5431.024401140109 4.732483052270914 3.6553592063049405
118.57366789763614 0 904.7304519024268 3501.7355549843855 2.257870682635337 1.284005885470199
103.11659795169442 0 5856.106286288073 6755.0350345317975 0.27542672503570065 3.3343917721833223
107.43299152966401 0 2632.754317461523 4539.552771166896 0.38484093373545414 3.9718069655550496
71.54283691070826 0 2830.9145867036723 8517.822660523394 1.9666217585809216 1.836898640149257
111.40865485576553 0 7106.2320015334935 5329.86214304006 1.4704104504522697 3.893245263947389
42.29744568427195 0 405.35900305201153 3754.183705043178 3.755778829729928 2.5900616934122445
44.586971629691476 0 6413.6032287512335 1244.1705845621254 0.8715432637173398 3.057478331512655
8.584383953662526 0 4947.068240651884 264.5047662445854 4.779305683797706 1.7291101486626215
63.336706278895655 0 7405.876323265801 143.65196171954864 0.07848398956110947 1.4464796480343944
78.65376239926243 0 8476.150581248447 2146.9361784818243 0.3869734429911248 4.687060221142071
32.52578323761849 0 5216.895581736321 7717.953773617116 0.8788552691824819 3.1415240369857997
59.94514263978314 0 2224.6784397100073 5495.980538170385 2.4922599025099927 2.3074638886157732
37.81861304611811 0 7314.32698745952 2990.0747147560046 4.3549222334416235 2.022143565867837
98.09703204460355 0 7255.815208778717 3275.4828463490703 4.238062708833056 4.162051943000394
50.952156899326376 0 57.9043654704714 5426.174554490899 3.9605187345313624 2.191193774323806
14.29179952447081 0 3653.6812218416235 3824.0697634761054 2.583988360166429 2.0997276542944743
80.63992475712236 0 3750.777050384082 720.95202516817 2.7614285687627627 1.140638672583068
53.33087152922159 0 8380.106465924024 2090.148734996724 1.9257366986297115 4.018977102771346
116.50997988245157 0 9730.904383556135 7278.876309420905 1.656948725350465 4.302050554346067
26.956464381381608 0 6467.341015225411 7425.72492044918 4.569148302116822 2.7478769465001482
51.27395510549477 0 5329.310381948521 9242.297877547388 2.0449296286782648 4.0389562390895515
9.462497392310745 0 2663.92198539005 7683.013832877422 2.7050870581445934 0.8252664812513444
117.90741058910726 0 9345.286677468086 2648.4997631540286 0.08220589827396929 0.7289767050194879
73.65416377590255 0 2333.2749095649506 6654.572739215204 1.7156455347674981 0.9765876816367552
111.04804214732182 0 4238.383688338704 3142.0709107227885 2.8995574359045144 1.6330402807610738
71.16195400746452 0 3082.8322824216416 304.1521230194 4.3488740900361105 3.3156993664893326
69.19139844369172 0 7293.544165385089 9458.896959212687 0.37215702006084705 4.686070925908402
61.52960635133923 0 5303.3742908287895 477.1505553695654 3.164932117656824 2.8011738028901405
85.02570332536932 0 2867.136840611155 3474.5874942805667 2.1634712342682394 2.759967385321845
64.86845453778524 0 8200.886306203201 2604.4017797442266 3.9719598038273456 0.8343199079842911
4.730390049366277 0 4688.733953854686 1011.3230877683632 1.6721131338521955 4.841529832796441
90.67819631153135 0 279.90404699206437 2748.5329427381266 4.849224572205452 2.259710426426781
39.36724037646713 0 7927.357160558967 9890.081846199213 3.9972669283380284 2.1307136337103776
20.950767692309956 0 5786.507569215537 9906.140748771231 2.0398835669497934 4.664986453006709
109.7389402769164 0 1461.9551359359173 678.8635825710365 2.2529629931809296 1.3872904120202034
58.58468868877669 0 9507.789916831685 3319.2249850010403 1.5922315955024857 0.5790334443224782
57.19191879002389 0 6323.582933391224 5413.863676906279 4.294571673212923 4.964432611782165
15.48002648599286 0 2952.0872035151137 5399.0416889345 0.17165005876691175 4.907294620046668
15.071402737786967 0 2132.3879688498228 4897.046743736018 2.436110312720805 3.4820123500010034
106.06247380545113 0 5425.170906773294 6436.171506432854 0.3575178466124962 2.070604748649581
63.4551251183161 0 1326.8714497201727 5956.61389022868 4.405239812804562 0.5112300719001855
95.68781270303631 0 9582.212774988799 2849.1113486324616 4.725461680713337 0.7388686534708128
56.918691669318065 0 228.2301879943549 182.5706064085586 1.0892300901247314 2.6958199513983976
71.20943383257432 0 239.99585235192967 2983.4674696865104 1.7608832222968092 2.6889272449098796
41.45814839097702 0 3258.4720407285627 7627.731956750402 2.008456228264614 2.0106391264199925
96.29149178854497 0 7279.214982330596 6792.97863804173 4.7999510835853805 0.4105891573100906
0.9532922245310647 0 4097.5930361777455 132.6842525560179 2.4298222207751548 0.4734740406249477
2.8524887875572515 0 5688.985666604613 1906.5813267904664 4.352104584194514 2.472941660137067
100.50913653084882 0 9282.16159278604 9265.45962816162 0.18778595480680116 3.510350102174341
3.9985434816813363 0 8231.86073993507 154.19746031957726 3.452522942025118 2.8372798007631497
75.23458311412325 0 9122.455615240233 3917.2160642419194 4.664155344548276 4.265946330531736
76.97425119567727 0 444.19359494122676 3364.556052284634 2.1756911826903194 0.5702797630544493
86.00775918817833 0 1680.1398175989234 3746.366491933845 2.301748597364035 2.7377771434969853
94.2873062468082 0 7850.750144254739 2268.588127247946 2.7222252627006736 3.988018435776463
51.102417057381814 0 1050.6550017775728 246.02831560180283 0.4849889729728796 1.5846076136634235
99.69695661244589 0 5767.507144351145 1443.4891520465576 0.5731458618085411 3.9298375586804153
21.690154590902655 0 3416.3258357430414 3588.3997404946135 3.7755809044820583 1.355256175335065
117.20434016450186 0 1170.4244277511023 8140.866131275651 0.6488562404310155 4.908495383840655
36.490746239739835 0 6518.188970950626 18.174637658698867 4.5412246510881875 2.8393464435877735
34.529106939653126 0 7853.986534542203 2032.1115207706187 4.162335388110431 2.835957969462133
90.5259541557763 0 4811.644536303781 8894.12090658001 4.493009668300933 3.1905555953888114
103.49984351119761 0 9908.955959003453 4972.370463855381 2.6776320116637886 4.922655411037652
94.186326757165 0 6898.288264167552 1076.3891180255137 3.9804763097624085 2.905443499320732
18.922288990010404 0 9161.415794391898 5752.339128420302 3.085308607923871 2.5220092508979963
74.74830359711721 0 7480.81035663043 5796.579798327873 3.092772940759525 1.263215778428823
111.15943617783525 0 9573.951158501672 6087.04799071441 0.17609381697595183 3.514289352967581
38.87397693452585 0 4866.558400356145 6860.255028915884 3.0659763438428245 1.9240201617730328
95.90050064771675 0 5108.226429362346 5401.373231911543 1.7689965290601284 3.3482293748558085
12.156284182224258 0 7110.449217414716 8526.783290914465 2.7894962316057685 4.787099231155933
118.79171244622025 0 9100.76465677713 167.980941707353 3.97649370409169 2.9872391759055
91.36174243175957 0 2446.276642728453 6734.781628891204 3.3718941208557496 4.262988905046379
24.47264824094331 0 5603.984010498313 3104.7409437388483 1.9593439660939298 3.0797038995569337
35.832026384098626 0 5025.189724536363 9496.754118106257 2.7071302099092764 1.4480137166576905
78.3369761279616 0 2875.59648833796 2128.068040456236 0.6124629830312867 3.5849510728753153
45.79191274136922 0 9390.409433016943 7820.167088296462 0.5961542758369093 3.3023809741604464
11.27936784806973 0 5186.451505007941 3245.533209610564 0.6452871704495905 2.753677986947814
28.30943101116341 0 4234.339957734013 3759.725138233797 2.6646768566246926 2.6703411188056485
84.91065930219173 0 720.226203428812 1351.7812811150031 2.13143769380225 2.113198991937205
82.33833893610233 0 5845.432590603169 6215.522229180191 2.487531372978817 4.839151248895143
9.014149134756135 0 246.43110944002288 5124.900877347418 1.8711112119298123 3.244276857594233
31.120255300765777 0 2388.0224539170845 4988.579502126301 1.552935001867387 2.3025678077952505
95.19615956384823 0 3818.8336882722606 5024.508962274228 4.2998860592906425 2.2799099388299866
106.21694894450205 0 5385.441405091494 4085.8854652583523 2.0995801192756565 0.5706180640018926
8.293303517327427 0 8813.404145737532 1807.9745104834567 4.697587006858126 1.7763793700903163
106.18199181772735 0 4631.6243179179155 3507.4345744764237 1.9229955421862965 0.4135472945592039
92.0668087800975 0 4279.90695874963 3426.3581628330708 0.12425645650316897 4.493040819958337
54.757056567167105 0 7216.2334634270555 5736.605180113638 0.3681950654174232 1.4216817357992506
38.82373137642808 0 134.64680162474153 4190.758038386782 4.231621800847827 0.09243193467696198
25.85070214947492 0 4612.027523260731 5182.564276412026 2.497960940410765 4.489192003237618
25.571704878285328 0 9362.022862610715 5594.32376408776 0.4419332244902585 2.743419759216661
46.98807424616652 0 3023.6216841962805 5586.7604167774 4.331695295154115 2.438938543119739
98.4017974026435 0 552.4257273084543 8513.004361632478 2.1244692281283832 1.5168127076456988
62.54074925354515 0 6261.742793828124 2593.333281528959 4.3533597918493765 4.459610948186425
119.80107880826407 0 5916.932081422792 8801.048722930165 4.506294085038861 0.34239086465272406
49.51198400074553 0 9784.714478799726 9647.245764895119 3.7542586258158535 1.3343994478196102
8.648665389049862 0 6472.846071353222 8294.263568103699 4.103697205741631 2.30710343642692
64.48208818724824 0 6014.919969059829 9415.122078522754 3.849660728579911 1.1853887664947766
94.949297135307 0 5557.59082186178 5790.060248967905 2.445024129639162 1.4438150825378666
103.54322060750114 0 9595.49692069921 5271.587895761834 2.0068000337192435 2.4990447788886874
66.70134848751366 0 2292.0844648887273 1667.8017800450696 2.5180604316659005 1.3265773874330917
90.75001761589205 0 8348.041173961366 3540.4212018231797 2.208799939360211 2.1169480600907753
88.41018509288243 0 1599.2654967795684 2600.5476105940675 1.3095651380011346 2.165687378788939
3.0033571510014228 0 4674.693292646509 2436.0727593449096 0.08221006012297805 3.8312796552511013
24.430758567106025 0 1534.6769308169894 7046.02084723905 0.6365141894486687 4.327762144940949
60.891786749048315 0 8296.277195431376 2272.9821253192863 1.0824652127701788 4.029940353177917
94.1538115512134 0 5581.79951056847 9320.122280678597 0.7971613911140168 1.2177218533333893
12.62449690505027 0 5562.631286129354 1078.6061423673032 0.46546647995928336 2.525206728304352
80.64574588200817 0 6770.4724137721 1778.3578653826503 3.654786296917533 3.3678200135711114
49.47553893609263 0 3418.1367581805644 9606.154156896293 1.827866645292996 0.9995357993965209
22.39117968748937 0 2408.313483565978 9742.500383887465 2.9889667430363334 4.69226410949913
1.1488462701896933 0 2328.8202271268688 6160.379130136793 2.652159198117956 4.747291568507109
83.31339194476251 0 105.36670768817925 7664.5592101973125 0.3710832988308943 0.8065958731881934
40.16337258661682 0 7080.201224717001 4100.782798896302 2.4429245965553448 0.2038849477139737
79.36499154064268 0 6848.309074407511 9145.802197529862 4.362804755679025 2.3034937717077
48.11788527257711 0 3335.167302337261 8603.51774675284 3.445244206469871 3.9505704609126595
16.387357344428906 0 1767.304401000256 8912.044350817207 4.726946949759473 4.059055745825245
44.78274542718728 0 2051.7739992392635 3222.8870537802513 0.46556969079586785 4.1205561687873296
18.296651304038374 0 5144.9651690376 8453.988195411033 0.7784906002068753 2.0228950853697474
116.18997082477632 0 8668.997629183086 3315.4814476221086 3.2680725850698806 3.0687857443301385
39.81504597081611 0 620.5388016033553 8730.680245010393 4.299498210115031 2.9136877570110853
115.48893288582875 0 393.5695928606264 1051.1875515930958 2.530640971058296 2.1029047539946255
80.2734745153265 0 4488.099247534086 9016.563733431147 0.053953708452042504 4.395250018929493
85.43977957557547 0 6153.208879034865 6722.830858286797 4.1426701845085665 2.4447761888033
15.716396187715299 0 1600.6908972566102 6195.771493137125 3.103320976863313 3.991407164485767
25.706483897256028 0 2301.5790139302294 8682.828032122088 3.9992476705871005 3.810430129600277
43.20095049623845 0 5925.16458500433 9694.800144585528 1.2143185284611258 0.14753762788617064
117.01408431193897 0 2667.007008882468 4324.109583824418 2.5605688500905304 1.40458957084111
95.33559681415514 0 5862.402775365204 160.90334140204556 0.09857879131767389 2.120393604247405
73.15028554589503 0 853.7854351081453 6443.293502465003 4.676956118353756 1.939040914882466
105.89761076861032 0 4391.43156231166 8910.84142811848 2.139753612038038 4.139581462819148
69.30919152704837 0 3317.3533327259984 9548.579116603449 4.780305617215165 3.841209546825615
8.095076381487955 0 5866.7308175810085 8314.208601702812 1.0720570913135252 1.5802959218567114
63.7282164478769 0 2575.612793935508 7829.917602775028 2.533612866777883 2.905882685863081
44.07060198114172 0 6622.390780292351 7822.7828534937735 1.1254514969702085 1.7908129409577307
27.895632957249774 0 7398.48049759924 7092.914641346836 1.8215862722669285 3.45974953808489
26.677604762226466 0 8571.206768710965 759.2523531972017 0.08633897161916038 0.6102308394268441
36.04667916470323 0 9399.206328910946 3178.49497246938 4.016246633696209 3.8801653947316255
18.454639838770422 0 7882.791359402648 2759.2279841158374 0.7797335432057995 3.3868199359169786
31.457153060054043 0 6040.509465041492 3744.3312397565974 0.3373371846567724 1.8401835136119304
60.805202416571376 0 9567.408726830143 5516.949817896777 3.910356059368256 3.306718903284735
77.4567651497252 0 3236.966399041384 2828.2457642506906 2.6701918355335055 3.3489878768598547
111.39866247710547 0 819.9500776015423 2167.596601688121 2.2234810469129602 3.843843606111706
17.219815836031753 0 7315.805972547884 6803.11795775969 0.4618351800405929 3.511078636710245
17.397296660861137 0 2822.367756157028 6491.596998077052 2.509636217258177 2.8115612911143977
48.23125548623494 0 1563.7971764330894 5695.4822246118165 0.9102955222592851 4.606208610388128
50.12177375901737 0 1059.6347851968146 330.6923150214835 4.3612386622811 2.230475521156667
58.004004456419956 0 6832.312180531667 5664.935210406325 4.875815707294599 2.3105417930451964
115.75524608147701 0 6956.6963149064895 98.04330901717063 2.696939491157868 2.872786416607261
109.33517661916417 0 1553.2582775449312 9095.195449595132 2.378832788279209 0.766018713362045
4.577825573519999 0 7231.193803704008 8995.652075104477 4.407005891215791 4.239741449605109
32.533997609319286 0 9729.247725670437 6561.000085419815 3.253213769488759 1.396448475181119
99.83826361677343 0 8749.15465734129 7166.972888572942 4.730642902257217 0.6896642052176061
12.991182933671883 0 238.9945316383857 4599.872298616187 0.2614995899916567 2.5601264599973117
39.07490804875419 0 4777.910504841132 7912.046573667194 4.007824162917332 3.1116670548049896
102.76872490242093 0 6076.767196826243 7316.553676992604 2.353685806211142 0.1471585163456296
60.79071095697951 0 6202.256525201658 5414.852232542199 4.412045812110327 0.9751776331881451
74.25541731745005 0 6612.717172965664 5445.531256369644 0.37267832240182375 0.9354507911303
50.30668097297621 0 6822.92815626233 5207.736982294213 4.0074130471563985 4.040091165158908
84.86158014028409 0 3144.313330199742 9452.153800089582 3.35316438766767 4.5019852511769995
23.978603130864435 0 50.367446762443755 2927.703978172913 1.1135750881088007 4.764259123679025
68.03577703242149 0 9480.069653472778 1969.618778377229 3.0891174573708406 3.935884272077562
115.16368321024582 0 9080.418750356308 3164.6217761254425 1.8410023541113691 2.8000522401388617
99.07472826684568 0 2252.4231612572867 3419.902030736549 3.2077871904688893 1.7593080541259964
98.60072331273012 0 3243.4134863119034 4242.44158049805 1.5614482430207626 3.253019599205479
102.47414135570666 0 437.4097688164891 8541.16315103733 4.278252362160987 0.9118751167147787
81.32356946413898 0 3943.8142684135537 2212.30377759548 1.3971222008996742 2.4902252984591207
76.59661007263722 0 7249.254967997055 3341.568627530002 1.1723089777901134 0.21094618521428743
50.601250108691 0 6046.721774710842 3754.2398888942753 0.7421414268811394 4.355145018069167
116.97219099442383 0 1317.0977732175859 8703.308990154406 0.2942655840320474 3.499403013412384
14.093591137111487 0 27.35141541663877 6970.281903619745 3.5102127931711573 4.829375509923411
106.130729811754 0 7150.418449446703 4582.843407921024 4.647480977831981 2.8016811337714547
12.996132295666994 0 7314.855406043016 8607.845073934177 3.732741803706769 3.780232922796865
110.16313166661482 0 7530.4638843947205 586.7137453022941 2.0318659031030544 1.9707722287021812
110.18677788175874 0 7855.497028027276 1125.4733751993695 3.3721598864317253 1.7973111157661203
8.55476437474454 0 461.28655927946573 6599.612810064475 0.4292731211405282 4.625543378696132
26.65573110306177 0 3203.4589492166565 951.2246243187184 3.301320201039492 3.219173068601806
69.37973199402104 0 8073.621433245604 2451.46445157407 1.7199768601719216 2.9030695192721945
86.42498094020817 0 5591.76915649477 5281.388392076406 4.00039980438627 4.9210243031512455
55.135760760289294 0 6348.958277458918 8762.712664170798 4.431236889411159 4.8641293880259635
1.5106518489217755 0 4943.995392195271 3268.3798570377553 2.039006387627551 2.6620692893591036
55.50349883763035 0 5747.367428027265 9833.868130613973 4.305701027066694 1.6099933800818906
38.75988749597578 0 7859.510128000562 2432.325317990768 2.057780639647269 4.510930362198853
5.787363844786469 0 2187.893308076824 6265.9790524885875 1.406554397441047 2.9837203322321972
68.26993781913902 0 5984.116449035958 9799.87324086837 3.847311698227066 3.417036373555156
51.57743601005844 0 4374.704811234153 4782.711247139302 1.282206343541001 1.0888234427524486
100.78424051572814 0 438.8161162677029 2099.4784682386157 4.3605920323819705 3.7057124149805682
58.76968267522225 0 807.8349619552982 5695.316146549172 3.8220308552468936 3.397885794255793
2.00517246653269 0 2159.665218427925 1076.7151639410877 4.165194751070846 4.860323498785709
57.87182035986985 0 1757.4280896467765 3025.2155735966803 0.8961167847829948 2.2843359090272486
98.61557016718633 0 4489.246317898308 630.3564140354812 0.14461482686970173 1.3786998492138896
32.9672738791121 0 7692.6672043752105 9139.321162802058 1.2458523670524102 4.600319044829913
59.97326121273862 0 1950.8427507801418 4187.100130597912 1.8582173202545293 1.3923335968640553
79.45282771661705 0 6044.688851994033 9907.51998435944 4.282706819533906 0.8768098771992205
80.17352028670699 0 8274.523210158794 38.165046225033805 2.2821670769651217 1.0057647488502823
60.43202974290335 0 7829.251931446667 9946.50467206255 3.325154896843964 0.13126289384004286
30.47917572486975 0 7614.886385847177 8428.240384840712 1.33938597636075 3.0724677557055124
21.716266505956796 0 3813.659203165225 6942.309210183665 3.6781404860244 3.2969584561640715
108.80615314719522 0 9479.226731875402 5097.099300081754 3.125643699827823 3.7777259903982774
42.309809696337794 0 3333.529815217894 1029.8616109157565 2.5609243129825625 4.953272569038872
3.880109976897825 0 7740.535433638835 5168.975106690638 0.18046752594651105 3.150742035759339
116.85815114358557 0 7675.3673849049355 6636.255480493869 2.925335022111751 2.281758554041221
25.014077872743723 0 4856.763748408688 7593.488482554237 4.0371258097404885 3.6160292650437675
25.980233284385893 0 7435.916845678031 7132.153251934929 2.7487788933557473 1.7247566190467312
33.82922513231301 0 3232.01128708257 8419.503022698307 1.2685660954263323 0.8647575378471611
118.8952433389974 0 2294.363014560821 7981.711353697297 2.217430527636679 4.251592096421684
113.04824165200245 0 6771.6799792378615 1855.73816613108 1.32539685718494 4.026351503085727
79.96913931876782 0 227.50887193448756 5392.0860801900735 4.927493720835917 1.385147654205003
80.71472910197188 0 2507.6321209279963 4550.67781615669 3.3032504085191645 2.490909820944287
38.69671530091579 0 1586.9244457157915 6575.926375027467 4.508472391420265 2.7229909291833727
111.03997618979184 0 1340.8787611935202 1834.400332221322 2.62047811408097 2.0701458089687423
15.038475025872218 0 5303.067186467082 960.5871343919314 3.3828294370726733 1.6289334397354187
5.175196668933722 0 6869.9796918907905 5920.623038374409 0.3256913239610243 0.3326450663967778
42.23241124580308 0 9393.609954103915 9050.178352832383 0.8680714492237063 2.3455071416882527
14.347766776398199 0 4990.94663099151 4634.029829463059 3.2040388513271703 3.031289094286118
92.60816642136814 0 3026.1516837612967 2462.7400805050515 3.162090053074693 2.9989127532737374
74.40997448502809 0 6839.195515497759 7664.036519399459 4.197759196034111 3.6801625808220906
27.083202842626246 0 4393.3851432374695 2472.5582943494996 3.23205365649287 0.5796515062880225
65.23792767351677 0 4376.982587744395 8496.631004562882 1.4901812037592936 0.21976602269278167
112.18758042628446 0 2423.504509792147 2563.079943412553 0.6201724638325551 1.4130315843189734
42.42105951255034 0 7384.0910637926545 1471.7636398434186 0.18672113849199146 2.4930771707185717
22.02278818993513 0 5398.906479245744 6123.520486189642 0.45254064441945463 4.708081008124748
103.17546417138027 0 6079.761659990688 1637.904683898761 3.0790872152087116 3.48791154144869
49.95417442322011 0 7615.403929448321 8308.068491303768 1.4699491528852255 1.7835528210638307
109.50856696566908 0 2519.3123556588935 2462.10745092169 2.0325752746806627 4.027614805923012
76.08684818144638 0 7587.568450621451 265.0789593590963 4.070839449154478 4.500152448042426
48.336530950544216 0 7573.251654853875 7388.202934772104 4.513255918484723 0.6133756111920713
49.897453025092275 0 4576.328326818861 8964.192378884107 0.7835284567699569 0.8663337107444058
4.210483805873555 0 848.8733820724126 9046.642694462562 2.820209485245652 2.4759412224349453
27.26165577299063 0 2653.1111438274133 3189.7337114732995 3.7682160280934562 4.447605263107799
114.96602215384165 0 3730.886540221583 7035.87152899584 0.6843302730611062 0.961075802423097
110.11875293278497 0 6826.043446359213 4473.488033607223 1.8063260055638908 4.769809259726505
87.80731582057595 0 1835.3048843505603 3363.1354281924296 3.4711345675506386 0.866857269000727
50.83122044948698 0 7817.5886555110765 589.7744158387763 0.5450303646745425 1.2175816546955591
69.50721834921652 0 8814.72392604716 2399.82080424595 2.747504049010681 1.3376711569855986
54.91500419881723 0 8850.43475046926 2939.4347145631496 1.8925423616132013 4.844127356377477
18.49379232810207 0 1287.152731132748 1773.8795594022372 3.017680751656221 1.1810816313321597
79.73500449712995 0 3531.051061965158 4608.246341430035 4.660947411031453 3.1680510172183234
41.02606550963994 0 893.1656451913561 4082.1280221800225 1.4635519275078708 0.6022142732047869
17.552334215191483 0 4511.4651150301725 4550.008666948592 0.06844329533119198 2.8576969098278844
103.79307727709819 0 7021.762034509815 1818.0923074309273 4.323392637773687 3.469483865540186
11.662009480164977 0 9546.370810667964 4579.409078523016 3.365434216238719 3.9869786444874333
108.82814962975208 0 1750.2012103414156 1336.4470660536876 4.686113932731206 4.275669200840916
23.12734817011659 0 3764.796206099222 4728.48911149234 1.812548491119112 2.8033862285402296
53.34537535909799 0 292.2965165528235 9207.091560885294 4.05309693574145 4.244581796989681
95.3729135569556 0 157.23194863316192 1200.1386044869732 1.9937628097891973 2.338265224657366
107.78839743259502 0 1405.9354200220953 3307.04010984599 4.921335013544826 0.3476120337587535
78.29918360415361 0 7161.3848390357825 9449.599556404191 2.894601253598812 3.2081838954832054
99.4486667356558 0 9757.727003995016 2527.3993617576707 1.116567149037787 3.033494675341336
115.91453997824847 0 5232.772622471322 6434.857565817328 4.7707552838932346 0.935675812549962
34.48405391672586 0 2611.334655659847 2697.766533044993 1.5081073801975782 3.5872055212301506
16.885246230690985 0 1004.580690112672 1756.3452123320378 3.271454202720934 3.9122734055599335
4.060439877728317 0 8683.401109263776 314.1603334955223 1.7778498804773641 3.1974178197769074
74.22450591948387 0 6920.436314544189 5416.073083551677 4.653372113483915 2.466336555836324
115.74257719137476 0 585.7295014409369 3407.529301355348 4.724147800336219 2.7199792423830638
118.93504086633386 0 8022.0171307297505 3199.413252836415 1.8345391414864802 3.504100186982485
75.21040420949352 0 4791.5341503853515 4772.430656487593 4.82727017435707 2.6730711768109376
25.58528155374943 0 6169.140635300465 5871.449227325417 4.342519989485184 0.116249211418053
65.3140914790142 0 1584.9541622790964 3771.6501659192168 4.1375970238192785 2.3288910582991518
81.74742055789747 0 6528.208759057145 5314.506276034915 1.113244320965301 3.869154736144117
22.788583507711458 0 5589.271550188291 3216.438212704826 2.856143312602746 3.779118756199942
51.77953315857125 0 9643.27167392776 8177.431015423777 1.0034313190173676 3.355760980213678
45.3141987252083 0 2035.7407427547237 3261.7859502743795 4.659673846291431 1.6501473618633749
51.286963742115155 0 5870.995955793399 6690.413285003426 2.3342823452695227 2.963016949442274
28.503833868980458 0 5677.274146824733 7750.848999278765 3.483000090775154 1.9826021751492768
33.114065673343134 0 1925.9308193837676 7207.5558917704975 0.5780475143752545 2.6775765776014797
1.2667029975136608 0 9214.706529326651 7494.24157524996 0.3732506993197504 2.4055949300347743
47.336076959812466 0 8870.567565697735 739.6824889049835 4.308086810890294 0.22654338312320166
11.509242992479685 0 1374.8422421495832 6076.442782298825 2.773335869051061 4.654932041281919
19.701996418778897 0 719.6029868361109 3656.7570433871833 4.9088613286503735 3.6613956031727204
42.06706876823282 0 6552.254433986527 9958.921404673347 0.3184716951346894 2.930646683309786
0.7718235235221577 0 8485.268802389024 5502.4691776131895 4.376288674528414 2.9127939089693218
96.41986905511403 0 5108.879926286447 2102.2136441039083 2.1297478944421186 4.294261843340928
99.87429037753886 0 2956.5809206371787 5218.669013966559 4.88261883179483 0.06185086636022463
51.165293023192866 0 2835.3259962340226 2108.016754100105 1.309021108284143 0.4892667528123035
17.58992487833144 0 1363.3556521619362 8666.947825040324 2.1656557864615844 2.050099252728816
52.27704492286424 0 4715.069885299291 2728.2012424586087 3.2626817655557487 3.734860527116459
85.92107672936565 0 6213.461036109118 7831.823013741608 2.505140964559354 0.884872435062028
57.80990087104348 0 9068.993302226245 1887.1032817160694 1.482787518563173 4.403623594029787
72.42161771572563 0 6456.3363315243605 4975.831759121648 4.080069866610455 0.24915868431722332
50.774938843885074 0 4827.387260354664 8249.25784998059 0.2838247158610707 4.800365689658061
44.53432148887506 0 8445.177328758828 892.2127684110892 4.322239726920937 0.8540610556844175
76.72293017020935 0 4358.7991510160255 2739.6618969473907 0.11484983644330371 3.2233135737695755
33.28409748585449 0 4733.848998672809 4706.951785802006 0.22205496419338777 1.9401747284953796
37.769893679593125 0 8178.531815353809 479.4729528520614 1.4182973894182478 4.703622931813799
101.47628044523219 0 9315.529415528781 7416.216816807675 2.5787449908653937 1.158921086112374
85.78249457859533 0 9792.982181896976 7447.403500658112 2.5874094559256178 0.8129783226667925
4.031528676736401 0 3447.4654868642283 8245.383581391952 0.16895540114327978 4.07313925272854
87.51299306669127 0 294.6679274303843 7599.1369409338195 3.191403602110195 4.8304991929311205
108.2340190045984 0 6599.011108810724 2669.4738995871294 3.881322184255585 4.778878483031306
56.43150843124954 0 4924.403174440714 6213.608233174692 3.9341723882228945 2.0584045022976065
66.70984625491668 0 7949.32993891966 7266.8423959762895 1.3775802813476357 4.983682431683539
3.949468716828612 0 71.52905203668958 4060.2594819965343 4.027851595002615 1.5894686169322862
84.94797405640705 0 1774.0214071438775 2843.669887977791 4.904723596575197 2.4974779998436762
119.54112108567425 0 1549.0465216250348 3435.834616013753 4.3019920670539955 0.8727734749919241
36.47886972308937 0 9812.111543712064 6450.497977146338 2.593029152875603 1.5872498439488048
62.603939114281815 0 1395.5055662585003 9574.322452425014 2.2827278064768235 3.2122204116481647
86.26811901200854 0 3505.505500481464 6239.936981024169 2.3506318813603015 0.9783387058217707
42.8527747317168 0 4343.846818041639 5830.151361187839 1.337772834059865 4.920188925510704
17.948712509572154 0 1972.918444381001 5807.359180988503 4.998973776309328 4.405986302746731
56.17900985792846 0 4082.686205032393 3472.463390873586 3.8179680311453383 1.0598337147720183
89.62000878847599 0 7222.771454205229 8490.309458350228 0.36548610956610605 0.41893888080560604
117.6139045715792 0 579.3475119632541 6442.7733791210585 2.040112350251382 4.042834496870801
49.84793322174516 0 2747.4031204145986 592.6244425111915 4.198299310777823 2.3984148918798587
107.32383839406356 0 1363.484819573849 5902.558340102283 0.4466367568303248 1.662838917321336
84.77432982212795 0 1088.8464397600294 6207.1800706731865 4.4724976344374605 1.5790770647763486
119.85652034529836 0 7878.277699977934 9837.71284683152 0.6758731892773201 3.1662196573790604
0.49058200418463427 0 2093.5263623726596 6508.768063030656 2.8655570238139667 4.604603130728203
14.998971980582603 0 3506.198962474798 5519.5301196952705 0.5562179842759146 0.938764722450845
49.12343592541576 0 6861.468426473592 8320.378942067844 3.336752349116521 1.7030958279445685
47.28935574949019 0 7851.176989542748 5413.624149068981 4.256677313168334 2.7003182715145453
70.98308958384506 0 5984.920821324996 1391.8439544297578 0.5512211671899597 1.9735279559061754
113.96548493614914 0 4952.902872398992 3869.033637518633 0.5796879033783631 1.7062746691427915
87.7343465842713 0 6009.06230637698 6773.722172558777 3.725188403524691 1.4767436458795151
58.389360005045035 0 3106.328953831741 6888.542699928135 0.8289391773587124 3.6164587189121478
36.31834516926472 0 2404.8358446528896 4746.070185168331 1.3491275672329999 4.158185283626137
101.62036108521423 0 6464.379382631243 5343.79956878723 0.11205660731668066 2.698057356098913
42.468497261817795 0 4663.842084150042 3623.2399694881246 1.7579203063847215 2.6292602213332112
106.54430535369623 0 88.1344477757473 188.68950152219566 1.1329174756991751 4.10636189085558
106.06896902542856 0 5296.08993975609 4223.41552813091 4.308548868384573 3.5495816892168763
79.26135308128904 0 2249.135794523026 8979.251807367627 3.3538009107438467 3.7149239727377252
115.35222268567973 0 9468.236013727314 7690.37093309052 4.638905893909831 0.7977562576874164
73.99761609340439 0 8746.647393773343 5969.766262927334 3.3522769402866355 1.7977173317628865
119.57733188708501 0 3454.6647695387587 7042.907323641126 3.1063274604517006 3.2433359146744523
90.8411150749495 0 7576.806281947658 8573.124590659489 3.2154030915262184 0.5744195286201798
2.101003487129503 0 6423.67681027893 3271.258962154878 3.371684400241048 3.2179131780132355
84.31475832124063 0 6944.106285767852 7404.623029093941 4.084412244658363 4.322938768101895
72.35459202038524 0 2011.7630062772407 1280.4155460120537 2.107467008500822 0.6131843218984162
102.80456480372062 0 5192.174187455794 2335.9183132352346 2.8409324508947478 1.722729457319741
99.0601221999679 0 8899.686909086295 3715.864749260258 0.09597462092429399 3.201193121467341
70.90850761584151 0 289.6390676532989 83.35264358863226 3.2538661388431755 1.7782757514158583
86.27651914708477 0 4980.070084573098 2291.4390850770005 1.3983558864159358 3.278779922972782
112.78352040871013 0 8153.697299676807 2761.792877083877 1.9703171993479969 3.5689642488011004
66.65391944108318 0 5586.950533934617 142.21033012650207 4.775995654749907 3.4837328551767657
10.025319878790844 0 5995.332294587908 9812.838144043033 1.1073938120158844 3.4119552882188313
68.38742612753524 0 9904.892460187773 2278.7630807057444 3.7921634905055326 3.7646677558556867
104.19923546005046 0 4434.9517062538325 6576.325437001026 1.172185977827025 2.5423533021587352
116.88299415472838 0 7827.32341968273 5644.640487456937 3.742839333847599 0.08342516548337786
16.89318850621478 0 2059.4204361156676 5449.743908387286 3.931045326318456 0.42088778398216065
118.15176392289779 0 2839.1677753607582 121.56324718573086 4.256750112229765 0.5427205731032675
90.34137458962678 0 5001.285934280673 3083.3890301461497 4.155761413147875 2.1630933528674574
119.5152535318008 0 4725.999742229905 3298.2148342611185 0.8930720106479445 0.27293817858007274
81.95785749937502 0 9640.002361769166 1541.7216137032374 0.14269547503109326 2.880151167603331
1.9895432134959123 0 3595.737144940412 1574.3339979812254 2.1967614989851776 0.9612434377301304
49.762981637273484 0 5278.053614968784 6253.581225718655 4.465436722052864 3.7430198509231385
110.06065670559924 0 7837.710752219925 9134.423186578579 2.115816917067587 0.42235918461418553
62.773733932712915 0 2270.059685431505 507.3923890630183 4.034221438353371 3.510880598889061
42.42192680729874 0 4072.8825650325794 3422.9743999568427 0.12116560061996295 3.639020213917834
110.13680991051793 0 6445.466660553096 5045.5495075721565 0.7950586619383332 2.9635052632898424
18.734975554047796 0 5457.792124423224 4362.950651530725 0.24266052108548486 4.6266700326197014
45.337308361641746 0 2716.399512498695 8678.78491172863 0.9185012826891181 0.20571324262833646
73.33602057431501 0 634.9600151277301 5859.787675820043 1.6417961460368486 2.5897003777170107
92.79598850050476 0 4557.616015102854 9241.726130225125 1.6303699835496532 2.8267099550473898
78.69289445488202 0 795.068276579809 579.0904022349008 2.719693868406326 0.8503298707451062
54.20450439084701 0 9951.295960605376 5703.645530142383 0.43065749546773113 2.3415538584829547
55.57790475161998 0 1997.7013174795165 8939.682865928307 0.16172960866096708 1.3809808799110113
87.24237064050251 0 1759.6226649798707 7978.253406878881 1.6662688992612003 2.762281585310144
22.454198739358603 0 6550.732120020382 9978.453470529577 4.97027505204466 0.6124141787453846
9.970053985515651 0 3116.0527012071084 4873.633182625317 3.5630569757451926 0.46018451036509034
58.41467698121875 0 5585.71931174426 3190.472397700286 0.28272565937660976 2.8201315023229876
100.70356230515169 0 2875.3641349450963 3638.4489332688377 0.5919575655993514 2.933894567238453
5.763070725910458 0 2914.2060280997516 6125.759626141013 0.7999766098694755 2.676035044630769
116.77213824787569 0 1997.3994386641502 4293.54214094167 0.9479723000045687 1.4757998317564862
103.05337041084064 0 3338.248314004634 1447.328577952276 4.816414544753959 0.6022111885158382
10.346845421185456 0 3406.3851538041713 7206.756601930057 0.2467811820631749 2.9956681742464446
53.8752510826038 0 376.56296724250416 1664.6619515402895 4.392680337539529 1.0675134094130223
51.17154543235383 0 9748.268541953214 9322.24632603997 1.6957684645281745 1.1323865655658722
119.8155904224173 0 6720.975142521982 9389.400242540829 3.9741346214711366 2.503798376508191
30.847775296083825 0 7703.246879487324 5604.872751479599 3.9211879472113136 3.939347599196194
65.18268226753526 0 3752.0618652593107 8993.146290699337 1.5044329689663631 2.53776968050442
94.51234333350003 0 903.4578284497408 9510.820300523868 0.9248435562125917 4.868016689079639
52.16964248107265 0 6556.8435822656875 6689.424954652438 4.953823672517784 0.3541165562418014
50.25511570050951 0 781.506498736625 244.73686324737008 0.8983389640744049 2.690899442578461
9.686282042769685 0 340.7861039932469 6263.325713523434 1.5534775526219857 2.6883543548586664
76.57551001372362 0 6002.708283959804 3410.658684976593 1.285587876235375 0.513875621525125
65.71119727587067 0 583.6523842135443 5349.076641661837 4.961676190787152 4.703051013653025
48.65409955450923 0 6338.911442031954 4631.696465818814 2.241386492269319 2.778966467933801
41.01186403511534 0 3396.835340948068 3966.159909433824 1.4217458364025248 2.797328418130191
93.14181814283933 0 9381.00265514921 1923.3279939579738 2.92799770436213 3.7029593242270287
68.50845702237812 0 8340.175429826366 3121.3547779431306 3.586116251346482 0.6818619578841667
21.037571112330955 0 7794.05052178833 7218.858671969588 2.9511726495667774 2.0386799471709534
103.67804379754412 0 1371.7440610990172 567.1313075413642 0.6835757194071107 4.495382190829035
91.60274763494655 0 3017.211393507009 3932.1141633135117 1.5338002947534939 3.945323838854795
25.34049846360214 0 7304.4686646606515 8622.826852292212 0.9768030882438455 1.6631907507007637
20.885793755695136 0 5450.778203519611 5610.807562336081 2.114109603660032 2.771484285708337
49.03374829924163 0 8605.339697407086 6850.559236488806 1.7612882456888534 1.220672659082895
68.79582516668272 0 5585.584685848861 2394.4227185921727 3.982223984940894 2.2746970697874556
94.62910524877223 0 7054.369844993611 9108.491366888748 3.8767754100878404 0.6640144738761494
15.378433307366434 0 7908.648455815987 1833.9124706665766 2.726783520860525 1.9309545138153383
83.51630529005446 0 6969.416758354017 5173.014583786294 3.289628114985914 1.4883352093780433
47.37545836424165 0 1965.9068950060378 7305.965479882642 1.093592838005795 2.8533486923918865
96.12485959718433 0 5301.060443112761 768.7040582035042 1.1921865271397607 2.887307856955575
44.9705811115714 0 3718.9110154937953 879.8105330289785 0.5187255008578706 2.6558803817338705
31.86765228328738 0 3322.4204163259565 1104.4830210328905 1.1678111948616627 0.012788576816749608
19.463450050439885 0 3704.71831641081 1995.7810601037572 0.2969851907948512 1.4797937343142853
11.855412202615879 0 4760.989322418167 5362.240932425614 4.8146906019499545 2.565771211961267
1.2020511434976677 0 7574.737807223143 3119.607109621694 4.756175401345881 2.1233501763496148
91.89366048816399 0 7086.255963956699 2135.204955912351 3.4293764337863553 4.870118950557297
55.64149460036359 0 8156.182451695832 690.6771591860116 2.3344338663427893 0.12506546625074555
78.77942254143382 0 2316.145805484636 7163.913432675992 2.022176773933734 1.4577664404349449
61.416040039145294 0 2939.683772030507 5408.168972426239 1.1630370620487462 3.3465321098911236
78.48620668249929 0 5380.021306354658 2729.5817375038014 0.10318729700622475 2.6394761151644786
112.7780560369378 0 9797.113493750448 1578.636661182855 4.519084414600408 2.0563324308228554
71.76655078192782 0 932.8213065863899 5451.721041016682 4.01648552991761 3.031196290488343
110.95028664113474 0 2173.717895155619 228.59405831591184 2.2900163617791156 3.8035632800695125
6.4707199812238585 0 6127.107128492859 1503.0566610738028 4.991936937365181 0.9887303873733178
24.628005186905927 0 6454.883145233977 7020.4423287049685 0.9588681382934755 3.4855607679916534
63.84017581383351 0 8939.098975134002 1759.8663822022475 3.4995152520517077 1.0454265933969131
81.49738411381475 0 5499.4760381419865 3983.540967320723 0.8180177382485199 1.7739327859445353
51.463583791054155 0 570.6356685787206 3052.382670072904 0.9563464558990903 4.861709484602034
108.80162019541616 0 1739.996887250108 6525.661905988423 1.7346655560554884 0.4681464557981785
14.571296364010655 0 4086.3687964628116 2815.9884141005855 2.410725016490959 4.985683776010547
41.84972900897657 0 7502.04166673286 8292.8666505765 3.1029653262344876 4.722943002294534
19.56952299577763 0 8159.614646142682 8240.373870198673 2.39663971690441 0.3901412964276729
64.39416868677603 0 8233.077283594652 873.74217884027 2.8683049154087814 3.4427843811481735
63.93225247459519 0 7869.946445543089 6089.598210084446 4.938262779874558 4.379758991834075
106.6908047968607 0 7722.028577246392 2804.319242734944 2.6165934259886385 0.6788102236079013
51.598268065928444 0 5074.831648197446 684.5342677992517 4.927290061444729 3.543951793329026
102.18965792804158 0 6601.253374468788 7666.023767815718 2.4322104210330506 0.6860799332033779
104.78162810119474 0 7354.662932146737 9995.472800815092 2.011504287752505 1.9274326240419732
39.85295129651371 0 9112.639366131058 1373.1957410076145 0.6190405190331416 2.772340121911936
85.58603043714348 0 9171.915163310114 2491.974246634996 1.9545702284715922 3.1702480116764384
95.05513670423926 0 9049.211814617725 7159.466794380242 1.2863417503185326 3.3717443893731276
108.33477992293291 0 709.9671538280816 3864.910832719456 1.5168445510580775 0.35204217464804344
63.85000204702686 0 3847.3482093261678 405.57456692888684 0.4240702837665372 1.0042273651246387
23.44911712005547 0 7002.886210660042 4456.730117254973 4.828524575472744 2.937053421330087
19.379456993378515 0 1897.7592051674264 7512.71063707317 3.5792377135753632 2.027850744307929
32.949860856335384 0 110.99538865512292 5578.3320698397865 4.534132234190648 1.9710977313418527
115.93316952857128 0 8782.466988825783 8647.916675458078 1.6451064006331506 3.308364333384623
55.273832187331735 0 7830.314192361938 7055.264872771695 2.4338412923788284 1.7581548244199423
22.21551089995547 0 7125.910146877118 2855.630599039257 0.18050757045130428 3.125504080577886
11.508990512192037 0 4903.790192604489 441.3489108660673 3.7892677272449324 0.25570127991499825
112.49427708810187 0 770.6407245928415 9062.20294624229 2.8317440212766734 4.910309312156484
32.86350053223745 0 2320.94974840364 7391.292190750476 3.9382865130899263 2.1945501258251356
106.95636715764456 0 9246.990148291527 3507.404594923721 4.0716646273146235 0.7599189112936561
0.27310112385498475 0 8228.998617633972 2329.1958634446896 2.953894387361153 1.927544085567015
14.483515004895455 0 1149.479844583222 3380.005110424622 3.627748573956361 1.625597815673363
76.52679836448574 0 6972.139026751337 1296.9767917158215 3.4065489175278687 0.7555431720276773
70.54719514638573 0 908.9860053986531 3110.6085040548724 2.1891651064472266 2.55304557422928
1.007106642055852 0 1628.3475366639532 9185.268742999056 3.4380097958293554 2.0895234351750878
94.79549545534269 0 1302.0683000039535 5351.082698034717 2.3208366853768894 1.7252891894269518
83.11824772975815 0 1578.4590905741902 151.3526906625484 1.6095288518160433 3.745361766129072
110.0846639543147 0 5414.325174031574 978.6701266819153 2.594065030953185 0.4430509054969678
52.54867527599066 0 7552.036462938412 5243.622476199818 0.8116665156351621 0.08867007788327552
89.26423500889506 0 7754.920664408186 2893.5165707190035 2.539353947822753 0.5769860608927219
33.80130508466707 0 9363.81891590468 9293.120603744774 0.010252725633765336 3.305753254512194
72.5937057234854 0 7340.036888078094 7922.407853679479 3.910194578457201 4.955099389159569
44.81900974957403 0 8386.998752702708 317.71136692640647 3.8381927445735404 3.5587263249773518
5.558179169751091 0 9727.049903503454 6155.9207771790525 4.722664034294234 1.367435788595287
53.60022535752991 0 7207.266867774111 2123.0940349811654 1.3777062759288283 0.052319232717950026
85.98128255534579 0 9871.102670941911 9539.247826468834 0.7557764984624471 1.6095358059786669
1.3282001154469858 0 4412.263445666577 6100.917909281504 4.311886985273705 0.7579315869187431
4.661604603989063 0 1654.912409161785 5674.310654055144 3.226835243378442 0.8163255186274238
81.66949732839551 0 8524.631679441782 6937.321566165363 2.049386340749229 2.2612372046251816
51.82160331589069 0 3248.0890988322762 7241.181889325346 1.0255212456419727 3.6060692814354107
113.25404239189923 0 3185.8911795833687 7799.5053012546205 4.107537057035502 2.4907210515249374
47.96782941459554 0 6434.78832424062 6107.797376896738 1.5836148152830876 0.28736285025787844
71.15998581313625 0 6091.620234839913 9483.341569947856 0.0905738641103443 1.1180848831147077
3.3491829086367315 0 3505.4124473125635 6912.774994692791 3.009456698396673 4.97565242339831
106.21917736525786 0 5434.132158419888 2875.4544222174904 2.622136946464259 1.2552860411686502
57.68869179879323 0 4251.561663651515 504.8769396190556 3.169263146204506 2.0054484178448773
61.04517099185377 0 4405.983142941564 6676.754007152459 2.943597796182318 1.141507319601428
82.9966152860268 0 4101.923239611244 5831.810300991265 3.958081755872376 4.801512492277302
24.099057989919935 0 1801.9143837927309 2240.4104399180856 3.513019138304605 0.1277762212137462
109.1887199653816 0 6087.900230627608 6337.392759496859 4.421343948305641 0.3191123245409655
21.719957136759053 0 1869.3124267077199 6099.987210612855 2.409394118882802 0.7268242818062803
84.06459870586957 0 9357.220430438862 9644.428826248994 1.9070902142664643 2.8692787564855378
94.29489279569637 0 2266.1555458300386 3956.0554673951433 3.860399713492839 4.736638499953215
113.82214298626344 0 1286.4782023734222 1858.9418348231002 4.801959187769747 4.668940041389192
88.36369751373577 0 8574.430593778776 1598.4375059814815 4.213945344501662 0.6541405010411278
119.6828635374322 0 6523.22931803864 1371.840494219314 2.5734828353634014 2.934572113350174
52.84083883055911 0 5162.515220391952 1306.0877291475792 1.7760663229075568 0.051401026573719144
42.71358896687796 0 1330.588041122208 9077.83497529617 0.7545318579144744 3.1570161960311487
49.10272153542249 0 6606.907103369014 6056.638333243669 4.13635005673823 3.2483433856986417
49.32798568088927 0 9932.144883481897 5533.4789861371 0.26485793735022745 0.0070394948800084345
91.92450619172973 0 5680.572487535514 1299.9870605946674 0.12722161001104848 0.01279143416563655
104.7617240040638 0 2226.1699432729356 1523.546356821588 1.9104813987627622 4.57757029455364
81.49858081282329 0 2982.807443606309 6844.549846217765 2.5344011613117305 3.8176683510846288
40.01457626446626 0 9702.762148453665 3146.1937529418183 1.3869428658811633 4.830732660587778
84.55927845361654 0 693.0333066948258 422.3405521037027 4.561385851710739 1.4499570885280288
84.34853049979489 0 6689.177444101651 5149.047022328527 3.3892717644112738 4.497475656479695
4.107844162093162 0 2339.6955405689446 1396.8121651535691 2.9500551435183513 1.6882939121938279
6.2091546535559985 0 6335.050706736473 3695.667879766942 3.456301747546076 3.204725443879524
111.97750029198633 0 2558.2109850292622 6010.72195085941 3.229237085114799 0.6735232690951337
38.074338963134515 0 7428.9298344716435 1098.2304140477784 0.2613442261218396 0.39038398630808047
43.58860641796696 0 9595.84460844046 1370.5118636622583 1.9894697722941883 2.7019816009765285
75.49014805572557 0 8415.683655011691 4183.799304071899 3.612162948193764 2.9930894120005673
87.74638145292893 0 2026.3697614645525 3479.9859578221417 1.7666917114848664 2.3182813553100425
46.42838727969329 0 2519.320097083092 2514.811234225719 4.3653860882578215 4.028474740448605
33.78325764499991 0 7114.6243173244375 7670.378005848025 3.726717655426604 2.287601175079872
56.18156065580952 0 2225.8388001713392 3088.4337714709263 1.618430005317681 0.9672241850423124
101.20669268618896 0 9031.767221509675 2191.7359929230506 2.3032824837639136 4.673898598626654
3.249993563971998 0 9595.430729351487 9853.4355190045 4.588478570898617 3.2727618209136393
67.23847671214398 0 1105.8263689030111 4337.845951947599 2.4488463274504237 3.8442623386126225
55.23422427676566 0 167.26411661513785 7040.528235870258 1.719231615732479 2.7376108512050017
110.4071733884649 0 8561.005868743965 8539.26988178774 4.266082198283745 0.9546460590291622
60.41521558169299 0 1263.0276971100784 2123.2225089115896 0.0514737939560439 3.0597543850301796
33.455189985689614 0 7373.06291609056 8389.18994141118 2.1627489017006414 4.919356996318818
97.09569835481375 0 9829.707211637444 5901.886511450239 2.8239040642043762 3.4854275604252676
64.52184741909858 0 5723.3872423354205 8019.871172139877 3.32218574000189 3.1720250080007157
21.750329950484893 0 8613.140314967515 4664.751960775323 0.8618830106519648 2.2523511686826647
97.85327420202864 0 2578.1584509467016 8327.965500438831 3.33015423864505 0.6526615980257833
101.31877957226726 0 7951.870556301136 6375.784274133099 1.636147569574646 2.5414922010798064
21.535700807889196 0 5089.89935017166 2141.142358293401 0.8294187453868207 1.879577250406641
49.61513928200164 0 6403.000347374284 5822.037129114931 1.812366569137724 4.958090157212637
110.57696133376436 0 6806.224659454982 5224.103833972623 0.6666881208668768 2.940259102214304
43.35445003799793 0 7796.991825006443 1804.6394334268666 3.2898316129300347 1.4318516743272935
116.2196559732791 0 4493.6514752705325 3062.195594075434 3.729928774694009 0.8203186888137443
31.76053515640938 0 5195.916132927434 5981.877981319397 3.2447725541427364 2.3695834749199927
117.08630208464953 0 4899.067414770778 5243.971987283554 1.0938744593643157 3.598962134812535
87.77897568315628 0 5479.034760595298 9817.14958645985 3.858304470481964 2.0638752100057998
28.05457254966878 0 900.8853697758279 2819.461714427036 3.0822651998724107 1.7775484384632545
94.36549322599762 0 5109.825230564362 9509.717696115767 0.32489384477222605 2.1933874216561335
100.2501604795636 0 2435.3344492982364 135.9077438496903 0.03389575220658081 4.8469052141593165
78.76351817534827 0 1384.0692196174043 9236.848148686122 4.402389074160643 4.808051990958981
96.93928179472644 0 501.64413501709527 8593.48295315749 4.024447721935745 4.723759084711382
89.19458585237982 0 9234.099267671725 1647.3642266913835 0.07644713037353867 0.5678998779265138
70.73503633885251 0 7521.7886760756555 4998.665574961244 2.880377378338847 4.297130218507716
83.78707650141699 0 4442.892450756068 9752.549800362205 1.1022990760918439 3.9973527238616056
10.809436131359572 0 9850.163271231131 951.6699095865722 3.7379091451756317 0.4401326355989227
43.19454186509858 0 7622.89609015769 8573.031171774186 3.3810732499105214 4.8220651584010445
117.00095020620702 0 5188.683760233367 9361.299646174837 2.423457172555689 4.3888492554603955
24.93912913958709 0 3904.066683024531 4567.151106893588 1.984514624534195 2.0431201542880393
86.23922489168142 0 1010.2366625377401 3783.126007442462 0.4733998547969148 1.3766285968649767
105.16684419932544 0 4668.923344069726 1454.523832794592 0.43828281401999236 0.004863544820102872
30.81912647006869 0 6666.23863034618 3308.6927753506957 1.5783970282769837 1.3638897070881528
14.511695938161713 0 8190.2402321691325 5591.36416246429 0.16283315694455514 3.098146131484288
98.77748629532897 0 182.857566101029 5083.425066923175 2.658000341546882 0.0035073942439711736
25.774391722158366 0 9073.64972392728 6886.239102770455 1.9687339877589127 4.245929107642033
105.33588829471454 0 59.11068417090881 6753.726182422704 0.02607948746935651 2.637222029658901
102.95533757764439 0 4358.1446977654405 2639.881458003979 2.213368960941282 4.342966040124892
65.41894342154104 0 7198.903190553389 9177.559201746646 3.518002783323001 1.5148661654884128
107.28346965206313 0 1177.5291464354186 1242.7940684089533 1.6281228364849714 1.5542956318128849
82.76358061118924 0 6830.853984139194 6891.386371830877 1.392322741172027 4.8869341290880115
110.30713735199704 0 9726.420521533251 7537.8141634389685 1.2266419465698126 1.577391664668918
1.1219005956152845 0 3130.36195336616 247.39798025007366 3.1214926671513505 3.3819355919793512
15.644507534450588 0 3368.5606953344713 5623.446667576 4.573954815296873 1.73548213362068
27.533434081601694 0 8014.98255244934 2589.173668604341 0.2940825858698576 0.05172021329953702
63.250810482091545 0 7405.150631911537 8524.144194797575 4.248699510724849 0.1597050772736608
113.00568187075973 0 5358.816822652874 8567.922565391598 3.5801072773220084 4.420708973600447
15.185153486212432 0 2168.116051696549 1544.5104024751165 1.7891907455609783 4.148590787070212
88.75014148282824 0 9648.981367667177 9496.40121527722 2.0263846694109526 2.9932947623263386
112.4340308509422 0 4247.291028138009 6363.892373386044 3.7937547044872137 3.6310280382820004
107.78729883493271 0 85.69134846517778 4937.564660596341 2.573229943331921 0.1473247329047922
18.201044713487555 0 3031.391846838801 7666.909648473329 4.185427466861155 0.26592760275756966
49.885133761827106 0 792.1264594429279 6801.490991440174 1.3788689958827882 3.594610854235258
40.39034891307947 0 8500.761949613438 3113.5481359544738 4.229935639736647 0.41137502990926444
36.08192272609427 0 1533.3562127378043 9977.817091713447 3.1228513104445277 2.1733713558867542
61.25234459283319 0 256.4711894370519 5242.450475597927 0.7300968975033523 2.3228897733767995
19.168528918822965 0 8517.306207799244 3397.7981105161093 0.8917820510939295 4.733550055182726
14.957503023088838 0 7748.446167219523 7970.022579121295 4.195608435181463 0.5483496352105127
5.404555078262031 0 3013.3929839822536 3521.752003640265 2.1202781462171565 4.557135851420089
7.972179484758487 0 9066.134412247464 5775.879069787585 1.986472501297415 4.694857149979365
115.79592690251626 0 6788.1191382353 6954.561527230458 0.9361337176952572 4.900484338867543
40.70138403370676 0 3121.3999817142158 2063.7282538391346 3.7073647655740736 0.8996992933194148
98.60223481066794 0 7675.162628222517 322.46558993817456 3.575477096640236 1.6983641893141632
67.28305347661599 0 5907.466410643808 4603.622512352702 1.125134593048542 1.7823622192555373
60.53682863813416 0 1206.6166993540405 3075.143544179594 1.86254196318011 2.7923457056538465
67.39451640508004 0 5442.600617861405 1009.3779741805254 3.030685690393644 4.1634960889478885
6.954922203633988 0 7984.362511150328 9694.901883711036 4.738902878761124 0.4846639527978053
116.8601366052915 0 5011.142171273155 854.698478195609 1.5331374590519227 4.687918161137811
20.071299505097908 0 4005.671390583769 4372.863490029847 2.5279258472638446 3.404878147087792
91.94483666489354 0 4284.076073919689 6755.796877428834 2.4729214249675486 3.6567982845203613
101.02738506144217 0 1159.795109208568 1140.3288569564186 1.0942304861565733 3.4054736121631946
73.4034662308566 0 4755.414635723199 8694.529148946218 3.15802273821629 4.287183933042476
61.630579121540904 0 8576.261801236982 711.560455506457 4.96426375783071 1.2160987561119019
53.57514055035366 0 782.3080270005368 2295.979551446634 2.9828665605422056 0.2568645478800785
112.64375030804987 0 8850.207264762847 8505.396857405309 3.464487717181144 4.5291884686119825
71.9006604456205 0 2097.8911220192576 1009.2619394873948 2.1510466283141483 3.9700967849291247
45.836045575816414 0 7188.253601714212 9548.819404532129 0.24846386682915167 4.724812649138384
112.24431726655862 0 3315.346192981868 2991.7802485059597 1.7604215860926837 1.8474871467011127
11.533309753168757 0 5276.453377224988 1829.4924741903562 2.204711508994684 3.0478557392224954
32.6534766624466 0 5130.870311422254 5414.422138308368 1.675032314874586 0.5274648067609239
101.90173576867389 0 5252.5534194211195 4302.610025853512 3.983320655943893 4.581169854336463
71.90172515775787 0 1226.6400940649723 4686.699357112743 4.137967129355688 1.5273526538590676
112.94425650170307 0 5824.2058715956755 1494.6092187627146 0.31559761107020134 4.335026195658876
55.10965027724493 0 5714.377419546269 5301.675167129467 4.567900231971933 0.3684497992356084
13.16933007656704 0 1392.4057242527022 3558.703492680314 1.9591518656935958 4.6527254635534385
56.07984105753081 0 5323.747846561131 316.2884430756774 4.70149758554414 4.0060478113418885
26.81203842267687 0 3836.2638822149274 2790.1162617274244 4.24409357441824 1.3615191839110046
75.61429343103488 0 8089.489083246339 8683.99668176116 2.427397194935084 0.48546550767348484
45.883762293977284 0 9108.713292385528 3589.6328130345455 4.189065438142742 2.6926845799179326
113.2695814642773 0 5490.866939259469 6405.151680920029 3.713858571708633 0.12237327890652738
9.768976760272645 0 5560.52697385592 5946.271077745716 3.35215268775511 2.4727050936102914
65.43920148570813 0 701.7426134180282 6492.037678153665 2.3482510222580006 1.126620701251061
47.41327641926922 0 1811.1320634081628 7695.948137577176 3.07021635755949 3.3770878797902943
5.317334173453515 0 2091.880449812953 5507.257801903961 4.595861232159752 4.955162442749044
57.87401353389846 0 9840.07642380127 5993.207817265208 2.441722245662868 3.620997126868603
45.00360014733941 0 7017.957534852681 1260.6714887911696 2.990538867447606 0.1218199647276702
16.754825318005093 0 5092.086323030641 752.7004224292666 1.2409842988288662 2.3839063349653618
113.1525613283119 0 2537.2107979206617 8896.581180687559 0.6730111002748856 0.20585734672862344
71.51403169607075 0 5918.453266636397 3703.9991983558994 0.664125399927577 2.1389694161194845
17.530184639436108 0 3627.5717102627846 2403.0334810630184 1.9330851505414932 3.4648413973403933
28.78217149570736 0 5497.270820106536 2464.014943188234 2.657953918560337 0.48390345945502844
81.3096600874776 0 97.88891098064579 6699.238318289198 3.070384840598494 4.378281277267282
99.76250462360667 0 9521.154063788632 4435.647596255857 0.6454997706342885 0.39005222091205827
77.1004879832969 0 2735.4906337457983 7851.086764373445 0.09931680695404899 4.946138434219274
33.421097399481916 0 1680.3394349912792 7103.738854063157 2.943536523539719 2.8307357398138775
69.17078509930704 0 7593.13496315776 4780.7452955193485 0.2511165199642129 4.236600118779819
58.30743088375154 0 4307.084878774958 7063.896162256908 4.7500251965275 3.561473090152736
41.076187047703385 0 1304.8924449180265 52.63375779348212 2.7648589503122056 2.672972525770886
62.45041642366456 0 3276.4480386451987 8492.1309456231 2.44052700607541 3.0837416937785944
46.817615324850124 0 1340.815137845528 6620.592747041439 3.393740738842557 3.841969708637186
90.34265862454802 0 9670.2113014137 8124.03184567125 0.9880683064376894 2.226591373671707
90.48459977869165 0 4977.053099571629 4579.0712836244165 0.9598891528029407 2.059171843432603
74.68034603206237 0 1893.1525859823362 1928.8609410786694 4.795036045388238 4.551899905630693
55.36354975631752 0 7226.1618910089865 3443.169222118102 0.3352427566576427 1.8710880684301086
7.235719406741971 0 7242.467367711622 8326.259040880626 1.3674884907109313 1.6608530162617559
95.85122957238232 0 7941.081209879937 7875.2149098476775 3.0340500205787406 0.8506993029835275
0.5606848293066746 0 4075.2485540514995 1945.8497224894356 1.0555147484739384 1.2241027402504394
58.796994910204134 0 1239.4112282715375 9772.374049114627 2.0724347678718735 2.2093786745385136
44.62582633113143 0 8272.338948937317 4192.199286908135 2.4513848661321473 2.6400569424598053
85.17636022828863 0 8740.49867951015 8027.826021716047 4.977286795506927 2.1847888435795797
76.80199196093557 0 8829.539369151798 7519.377559063703 2.22130369377152 0.08491541264281088
3.2336371206523347 0 6314.428083527835 8334.95962958232 0.6669736237823842 1.829969875393414
72.33268277107678 0 694.8455300089496 2713.59852914841 2.2236874466415593 3.911469886481758
40.218914603376845 0 3506.7496498160244 4262.347869096376 2.6208801760582907 2.6843141619025412
87.65110593550418 0 9721.31716166358 4496.149802860941 3.374764220016388 2.3800852314954053
12.827724862188147 0 8784.765454851917 5447.322789332118 2.113605880136475 3.2361890057061764
105.64619777567742 0 2651.273444660985 8431.400843221125 3.6327473692124537 1.7153007769332473
94.26775981722248 0 1692.4014140455201 7776.5454941168155 1.0738240413567541 1.0127841970638278
107.044655105758 0 7474.966276118532 948.9845867541513 1.2868081126549025 3.319533492227882
24.431962576442267 0 2804.1360848728236 1693.144275101337 4.422400396556404 4.760000561809067
9.823048899556172 0 1324.7360730880853 5135.46208640846 4.666533462326557 3.038331017398818
